Learning Rate	Avg-Train Loss	Avg-Valid Loss	Epoch-Train Loss	Epoch-Valid Loss	
0.001000	219181.705158	132684.013974	131212.953125	122102.687500	
0.001180	62104.386915	18718.035537	29142.396484	17566.496094	
0.001360	15811.463579	10212.883956	9821.888672	10226.578125	
0.001540	6676.920245	5850.514188	5016.734375	5853.991211	
0.001720	4002.967218	3595.507531	3332.422852	3625.685059	
0.001900	2850.734887	3365.321102	2582.364746	3086.464355	
0.002080	2246.416509	2243.148402	1921.240479	2215.993652	
0.002260	1868.172574	1824.698883	1601.677979	1767.886475	
0.002440	1612.108030	1641.755290	1557.216553	1562.080811	
0.002620	1414.930163	1517.895188	1351.200684	1483.477295	
0.002800	1287.538269	1204.317360	1164.009888	1129.662964	
0.002980	1184.046015	1122.626367	1210.108398	1031.799683	
0.003160	1095.364689	1145.414034	989.587769	1082.331909	
0.003340	973.781301	957.257770	798.927856	856.048706	
0.003520	890.068564	868.662187	788.074463	779.912292	
0.003700	828.528447	867.135553	675.293823	768.871704	
0.003880	783.073672	1181.948496	796.215210	1031.809570	
0.004060	797.353786	1040.886740	771.731567	964.301636	
0.004240	756.412555	1098.063523	627.219238	975.407837	
0.004420	727.717441	948.623357	600.451660	780.423340	
0.004600	743.082890	843.108709	687.726074	741.468933	
0.004780	733.540115	807.343340	792.332764	733.425964	
0.004960	718.339063	785.960363	829.243164	680.489380	
0.005140	713.458303	776.539138	646.198608	670.909424	
0.005320	705.939856	739.624641	618.573425	684.350281	
0.005500	695.965908	867.901195	563.214844	843.898682	
0.005680	695.402098	771.810013	772.181641	673.957520	
0.005860	730.783323	803.326322	668.513855	731.157593	
0.006040	683.906783	849.280214	702.034424	763.498230	
0.006220	687.623842	765.507608	734.081665	707.983643	
0.006400	689.688835	773.209232	804.339233	712.628906	
0.006580	702.967262	782.419424	612.080688	709.183838	
0.006760	691.820591	754.378891	549.825562	657.044128	
0.006940	674.341638	764.563074	969.720520	685.252441	
0.007120	691.047922	755.542737	783.075684	666.091980	
0.007300	682.065223	763.354106	762.550659	740.508972	
0.007480	676.998190	747.070908	548.724731	693.186218	
0.007660	672.931850	747.864197	620.690430	704.369019	
0.007840	667.611549	748.626611	583.148865	701.729858	
0.008020	655.171943	719.622522	548.457764	684.597534	
0.008200	652.388216	745.340474	781.427612	661.599976	
0.008380	692.462005	733.345666	535.906433	619.425659	
0.008560	662.803109	803.008662	625.947815	669.509583	
0.008740	658.248388	757.849157	696.009644	770.445801	
0.008920	663.652994	748.051959	800.655151	655.324646	
0.009100	660.060469	835.229324	659.261292	757.170044	
0.009280	664.612028	717.451423	573.641968	641.998901	
0.009460	644.623855	733.459364	597.638184	651.727417	
0.009640	657.790186	707.204084	638.784668	656.990234	
0.009820	647.108920	739.087365	526.810608	654.284119	
0.010000	639.187327	770.025188	625.803406	684.609375	
0.009820	632.674949	771.689872	539.459595	760.424561	
0.009640	623.321396	712.904502	584.814941	674.035522	
0.009460	625.628605	750.207457	553.368286	680.608521	
0.009280	619.260906	756.264932	666.887756	668.490723	
0.009100	629.527447	701.436700	516.358582	595.018555	
0.008920	614.302909	702.690656	596.476379	679.435547	
0.008740	613.491616	782.241674	730.603455	748.470642	
0.008560	625.481785	716.368261	1117.267822	681.254150	
0.008380	615.310107	702.795465	581.401978	616.184387	
0.008200	610.827751	693.322002	553.592407	686.508789	
0.008020	611.491987	737.217200	599.911499	722.497070	
0.007840	622.137851	721.762316	668.636475	652.185059	
0.007660	638.782920	697.220347	561.587769	658.608521	
0.007480	613.902470	716.331300	557.350403	680.866516	
0.007300	600.902394	687.036212	628.997070	591.672607	
0.007120	598.356810	729.566133	530.857178	693.865906	
0.006940	590.471381	714.031230	508.347870	679.373291	
0.006760	587.662408	699.478441	488.123901	726.632446	
0.006580	584.766568	733.668851	758.802124	686.690308	
0.006400	613.852999	725.263814	588.180420	655.325562	
0.006220	594.161789	736.131213	618.667847	695.648865	
0.006040	603.844794	719.815457	450.404907	627.781250	
0.005860	590.572079	708.086277	693.086243	680.252197	
0.005680	597.832331	728.889933	573.270691	708.218933	
0.005500	582.948886	780.035969	583.106384	709.982117	
0.005320	582.403066	695.200752	469.625031	605.131958	
0.005140	573.065979	709.912176	562.984009	622.635620	
0.004960	573.002828	728.926167	914.367859	670.188354	
0.004780	640.753281	696.303855	446.984009	626.401672	
0.004600	596.001661	709.525927	658.624512	648.779968	
0.004420	610.429205	699.240973	568.867981	631.125488	
0.004240	585.750745	722.241960	562.622498	710.738953	
0.004060	576.032379	720.025750	548.395142	697.441895	
0.003880	570.798710	718.022411	540.634216	733.335449	
0.003700	563.089508	731.661002	472.930328	741.060730	
0.003520	556.015178	708.655560	494.159393	682.663208	
0.003340	551.458590	710.704795	502.001129	667.594604	
0.003160	549.187928	707.943508	430.741089	668.265625	
0.002980	544.437368	707.387904	579.309814	671.102051	
0.002800	541.672820	706.899072	758.023560	680.168518	
0.002620	561.467992	709.105287	597.875549	669.396851	
0.002440	556.449759	696.510094	544.192444	628.363159	
0.002260	543.402906	735.417487	461.372437	733.336304	
0.002080	536.632301	725.644775	556.163879	683.727051	
0.001900	536.910495	710.344400	481.350708	658.186951	
0.001720	527.264080	715.204430	511.970886	694.598755	
0.001540	526.274884	719.504747	601.890076	699.429077	
0.001360	522.989858	733.909135	629.772583	700.098328	
0.001180	520.705963	744.496678	452.091156	670.630310	
0.001000	519.161935	733.994743	454.276855	665.479858	
0.001090	512.441349	736.173747	550.693359	686.096680	
0.001180	510.321619	727.934659	550.412842	661.858765	
0.001270	519.659882	726.741361	577.863281	692.526245	
0.001360	516.440554	747.660431	542.184937	739.794067	
0.001450	522.558232	708.857983	481.947693	653.514954	
0.001540	514.679427	744.996618	495.357056	702.236816	
0.001630	514.824704	730.898471	452.027039	666.786438	
0.001720	508.107736	777.591877	476.361694	770.011841	
0.001810	507.781907	756.116284	512.184204	725.163574	
0.001900	509.721138	765.546781	597.726990	669.524536	
0.001990	519.938946	795.202586	611.285889	727.536560	
0.002080	540.595030	745.284096	506.732086	656.159180	
0.002170	527.303985	739.434707	543.986206	702.116699	
0.002260	516.839176	746.245684	464.850403	735.839722	
0.002350	513.587754	763.495209	517.216248	663.068054	
0.002440	508.613283	745.120211	459.344391	644.964722	
0.002530	513.319053	757.020564	479.212952	676.091492	
0.002620	513.770607	759.723163	430.517456	646.264832	
0.002710	510.339286	763.192919	513.766541	720.738037	
0.002800	507.444518	774.134625	491.281189	692.174500	
0.002890	510.573845	784.636588	535.303589	760.175293	
0.002980	519.719702	752.554386	483.887299	691.280457	
0.003070	509.320273	801.900532	531.676453	758.963318	
0.003160	531.012293	710.042313	497.590485	583.959045	
0.003250	525.399566	782.170246	527.380615	683.813599	
0.003340	519.303781	814.640401	407.873016	650.746765	
0.003430	517.952069	823.509814	542.923828	702.171814	
0.003520	541.558241	717.102278	565.946045	627.108032	
0.003610	550.103943	780.183071	559.359802	747.810913	
0.003700	553.274648	758.087054	502.675323	750.669556	
0.003790	536.042790	739.758252	571.326721	612.923462	
0.003880	531.663672	803.376887	547.289001	751.192017	
0.003970	542.561358	812.145147	476.850128	676.735352	
0.004060	520.899853	740.873184	446.551300	683.790527	
0.004150	518.449799	781.305125	637.085083	727.131042	
0.004240	561.203610	771.209238	434.362640	640.007385	
0.004330	539.595343	772.625241	516.569641	624.823914	
0.004420	529.996897	754.099260	665.102417	715.177734	
0.004510	532.838595	783.348468	553.510315	700.622070	
0.004600	544.667644	763.129056	529.976685	700.292419	
0.004690	543.415132	743.506478	569.194946	686.986938	
0.004780	531.044835	751.448301	435.158813	674.546692	
0.004870	532.719838	803.799780	574.041504	741.350464	
0.004960	549.579203	776.631838	568.143799	719.972412	
0.005050	545.018679	875.740678	509.364288	817.225281	
0.005140	534.884071	762.277453	572.450562	669.364502	
0.005230	531.938860	775.560121	508.930145	654.276245	
0.005320	533.880926	779.409498	504.605682	707.200806	
0.005410	534.372359	777.816940	568.664551	701.245605	
0.005500	535.805379	783.072340	405.732574	683.193237	
0.005410	521.341371	757.772242	465.449402	658.631226	
0.005320	519.575632	812.312862	538.364258	662.167664	
0.005230	544.321509	795.169601	510.970673	717.725952	
0.005140	538.693371	785.084316	483.878967	734.733398	
0.005050	519.728460	750.543667	404.919006	661.039795	
0.004960	504.374559	821.270816	415.884583	697.166382	
0.004870	499.370121	799.186820	552.721191	703.964722	
0.004780	522.779248	795.873339	521.226562	692.200378	
0.004690	515.455674	777.483627	416.705200	676.233643	
0.004600	500.799777	773.478709	475.768127	792.449097	
0.004510	490.631941	794.540095	478.158813	704.725525	
0.004420	491.731142	746.381533	505.644501	698.468140	
0.004330	500.706316	796.460192	477.986877	713.720154	
0.004240	506.839570	786.722535	416.710358	741.034424	
0.004150	494.396812	774.121478	476.993988	736.205688	
0.004060	491.016442	852.100265	531.617493	773.678894	
0.003970	498.443188	802.939797	418.927490	792.045105	
0.003880	493.749267	768.958330	739.194946	707.996277	
0.003790	503.135137	793.738586	432.122009	661.423462	
0.003700	479.634365	824.414415	431.453735	795.253296	
0.003610	474.755021	805.519848	626.358582	718.788696	
0.003520	523.589347	751.144019	500.099365	598.922119	
0.003430	495.967784	785.870237	577.109314	709.997742	
0.003340	487.247581	784.983566	528.035095	675.777710	
0.003250	480.629774	772.291618	476.591095	688.983093	
0.003160	472.810422	786.778329	416.752747	693.430542	
0.003070	462.366157	791.576287	450.035706	748.521667	
0.002980	465.686836	790.639527	431.707062	620.063965	
0.002890	459.834087	830.566329	401.144897	688.712646	
0.002800	451.562999	796.319540	479.003296	652.661865	
0.002710	447.468512	864.913543	439.816528	708.361206	
0.002620	450.478794	808.132249	447.764893	694.823669	
0.002530	446.327613	818.353592	532.708984	748.226929	
0.002440	456.094090	794.323337	473.954468	671.154358	
0.002350	441.133463	788.122879	438.181274	661.815613	
0.002260	442.862087	857.139705	526.546265	768.642761	
0.002170	440.473337	846.639850	439.762512	819.320679	
0.002080	433.609165	828.992693	393.782715	835.782104	
0.001990	428.754959	838.692600	453.713684	765.620483	
0.001900	432.329682	872.226303	550.468750	827.410095	
0.001810	427.984770	834.943090	376.411041	780.234314	
0.001720	424.215329	864.373710	415.205444	772.487244	
0.001630	420.364582	872.128379	439.063446	794.199890	
0.001540	414.318432	843.537687	407.143402	818.262939	
0.001450	414.713749	886.284954	404.458679	834.009949	
0.001360	414.737901	867.972996	391.050171	842.960205	
0.001270	405.294362	861.520277	465.377411	766.679321	
0.001180	409.544735	866.887666	404.544769	763.942627	
0.001090	405.995294	859.587104	438.480225	794.669067	
Best value: 687.0362