555.00 284.00 571.00 305.00 868.00 396.00 586.00 271.00 872.00 416.00
598.00 304.00 615.00 309.00 1250.00 304.00 634.00 315.00 1248.00 320.00
804.00 310.00 824.00 289.00 1219.00 187.00 812.00 261.00 1216.00 161.00
408.00 280.00 1209.00 248.00 44.00 288.00 552.00 336.00 1208.00 256.00
646.00 294.00 664.00 293.00 1235.00 300.00 690.00 274.00 1220.00 256.00
584.00 325.00 608.00 320.00 1241.00 320.00 612.00 329.00 1241.00 306.00
900.00 400.00 920.00 396.00 1229.00 400.00 929.00 435.00 1224.00 450.00
740.00 368.00 768.00 360.00 1240.00 380.00 761.00 334.00 1245.00 319.00
668.00 274.00 692.00 279.00 1218.00 360.00 705.00 283.00 1216.00 333.00
657.00 272.00 683.00 290.00 1235.00 232.00 688.00 295.00 1235.00 231.00
478.00 317.00 503.00 326.00 1206.00 307.00 508.00 314.00 1250.00 328.00
808.00 268.00 840.00 252.00 1237.00 184.00 840.00 228.00 1237.00 179.00
538.00 332.00 565.00 329.00 1216.00 256.00 544.00 296.00 1216.00 256.00
772.00 226.00 784.00 216.00 1245.00 196.00 800.00 206.00 1244.00 196.00
597.00 266.00 612.00 260.00 1232.00 260.00 625.00 247.00 1234.00 254.00
660.00 393.00 688.00 398.00 1251.00 433.00 700.00 433.00 1246.00 440.00
561.00 256.00 581.00 244.00 1240.00 196.00 584.00 209.00 1240.00 196.00
604.00 312.00 628.00 315.00 1216.00 272.00 636.00 261.00 1216.00 271.00
692.00 257.00 716.00 256.00 1247.00 220.00 728.00 212.00 1240.00 268.00
472.00 304.00 507.00 317.00 1229.00 333.00 521.00 332.00 1228.00 314.00
607.00 349.00 633.00 352.00 1228.00 348.00 661.00 360.00 1235.00 392.00
338.00 323.00 352.00 308.00 1244.00 306.00 348.00 305.00 1242.00 303.00
623.00 288.00 644.00 290.00 1216.00 228.00 664.00 251.00 1216.00 223.00
606.00 304.00 627.00 301.00 1240.00 282.00 650.00 280.00 1206.00 252.00
761.00 308.00 782.00 322.00 1252.00 403.00 796.00 322.00 1256.00 366.00
617.00 311.00 631.00 300.00 1251.00 371.00 642.00 316.00 1244.00 372.00
657.00 392.00 682.00 388.00 1244.00 483.00 689.00 417.00 1243.00 466.00
668.00 312.00 699.00 315.00 1224.00 336.00 696.00 276.00 1224.00 333.00
821.00 284.00 851.00 289.00 1248.00 324.00 864.00 247.00 1252.00 260.00
533.00 372.00 499.00 417.00 1196.00 624.00 496.00 456.00 1172.00 548.00
567.00 347.00 559.00 320.00 1245.00 351.00 564.00 344.00 1240.00 301.00
588.00 248.00 627.00 255.00 1225.00 337.00 620.00 234.00 1227.00 301.00
286.00 352.00 309.00 336.00 319.00 328.00 104.00 307.00 862.00 154.00
548.00 332.00 577.00 332.00 1238.00 440.00 593.00 376.00 1236.00 437.00
673.00 296.00 698.00 300.00 1232.00 305.00 718.00 308.00 1233.00 288.00
670.00 291.00 691.00 298.00 1216.00 321.00 701.00 322.00 1216.00 320.00
548.00 344.00 569.00 343.00 1229.00 314.00 600.00 372.00 1230.00 355.00
849.00 288.00 878.00 295.00 1215.00 376.00 879.00 309.00 1193.00 268.00
674.00 352.00 702.00 357.00 1224.00 416.00 709.00 396.00 1225.00 416.00
612.00 321.00 632.00 312.00 1249.00 273.00 645.00 298.00 1250.00 303.00
680.00 312.00 708.00 316.00 1208.00 328.00 710.00 353.00 1208.00 332.00
552.00 273.00 572.00 291.00 1248.00 333.00 590.00 266.00 1239.00 268.00
564.00 276.00 574.00 291.00 1192.00 416.00 584.00 272.00 1192.00 412.00
488.00 324.00 508.00 328.00 1248.00 377.00 506.00 356.00 1247.00 396.00
596.00 366.00 623.00 364.00 1241.00 351.00 637.00 388.00 1243.00 371.00
568.00 348.00 594.00 355.00 1231.00 334.00 612.00 374.00 1223.00 336.00
620.00 300.00 653.00 301.00 1251.00 272.00 643.00 276.00 1251.00 267.00
625.00 328.00 651.00 332.00 1247.00 359.00 672.00 359.00 1248.00 320.00
555.00 368.00 580.00 372.00 1224.00 279.00 596.00 364.00 1221.00 288.00
544.00 297.00 559.00 309.00 1212.00 306.00 560.00 326.00 1212.00 325.00
652.00 348.00 675.00 332.00 1251.00 348.00 682.00 352.00 1248.00 330.00
718.00 216.00 739.00 232.00 1247.00 312.00 751.00 213.00 1244.00 314.00
617.00 322.00 637.00 308.00 1234.00 356.00 639.00 316.00 1232.00 401.00
782.00 380.00 805.00 386.00 1216.00 404.00 809.00 356.00 1213.00 317.00
564.00 326.00 590.00 316.00 1247.00 292.00 587.00 291.00 1247.00 291.00
696.00 313.00 717.00 320.00 1224.00 346.00 724.00 350.00 1224.00 352.00
568.00 413.00 583.00 392.00 584.00 423.00 586.00 334.00 1097.00 318.00
724.00 316.00 747.00 312.00 1245.00 296.00 755.00 296.00 1245.00 296.00
672.00 332.00 695.00 345.00 1225.00 369.00 701.00 368.00 1223.00 367.00
665.00 216.00 681.00 204.00 1239.00 244.00 700.00 197.00 1255.00 181.00
772.00 288.00 799.00 305.00 1232.00 348.00 784.00 326.00 1232.00 360.00
743.00 292.00 765.00 278.00 1208.00 241.00 768.00 292.00 1208.00 237.00
440.00 281.00 464.00 274.00 1240.00 428.00 280.00 240.00 1243.00 428.00
577.00 81.00 514.00 472.00 504.00 456.00 528.00 348.00 504.00 472.00
732.00 324.00 745.00 336.00 1245.00 376.00 777.00 348.00 1244.00 371.00
714.00 320.00 740.00 328.00 1224.00 352.00 752.00 355.00 1225.00 352.00
556.00 293.00 584.00 288.00 1232.00 216.00 595.00 316.00 1228.00 212.00
414.00 240.00 428.00 271.00 50.00 204.00 459.00 188.00 1245.00 332.00
745.00 354.00 725.00 344.00 22.00 355.00 713.00 372.00 24.00 356.00
632.00 241.00 653.00 252.00 1248.00 278.00 651.00 251.00 1247.00 259.00
564.00 268.00 591.00 273.00 1231.00 350.00 613.00 271.00 1256.00 301.00
603.00 312.00 613.00 301.00 1240.00 128.00 614.00 303.00 1256.00 64.00
657.00 293.00 681.00 304.00 1220.00 404.00 677.00 335.00 1220.00 405.00
648.00 325.00 681.00 324.00 1236.00 280.00 672.00 313.00 1236.00 277.00
640.00 292.00 664.00 305.00 1211.00 248.00 664.00 332.00 1196.00 278.00
636.00 321.00 648.00 320.00 1220.00 385.00 660.00 327.00 1219.00 384.00
376.00 376.00 403.00 357.00 396.00 348.00 410.00 422.00 1137.00 344.00
553.00 308.00 573.00 313.00 1208.00 400.00 574.00 352.00 1209.00 400.00
656.00 300.00 685.00 296.00 1240.00 268.00 689.00 258.00 1240.00 264.00
596.00 268.00 603.00 280.00 1224.00 280.00 624.00 284.00 1224.00 275.00
630.00 348.00 658.00 336.00 1257.00 245.00 684.00 352.00 1254.00 240.00
592.00 288.00 612.00 296.00 1243.00 344.00 624.00 304.00 1244.00 346.00
753.00 306.00 778.00 313.00 1244.00 380.00 771.00 337.00 1244.00 384.00
488.00 326.00 520.00 308.00 1252.00 356.00 527.00 375.00 1252.00 354.00
599.00 269.00 612.00 268.00 1232.00 261.00 644.00 266.00 1236.00 230.00
637.00 312.00 660.00 309.00 1240.00 290.00 664.00 284.00 1240.00 292.00
452.00 292.00 486.00 303.00 1208.00 268.00 491.00 276.00 1244.00 208.00
745.00 276.00 781.00 278.00 1221.00 324.00 775.00 312.00 1220.00 324.00
663.00 340.00 684.00 347.00 1243.00 320.00 701.00 336.00 1242.00 329.00
829.00 272.00 848.00 272.00 1241.00 248.00 866.00 252.00 1241.00 246.00
598.00 364.00 623.00 374.00 1235.00 409.00 624.00 412.00 1232.00 374.00
676.00 326.00 703.00 324.00 1244.00 276.00 700.00 296.00 1244.00 277.00
412.00 247.00 476.00 236.00 1251.00 240.00 504.00 210.00 1236.00 186.00
508.00 354.00 490.00 354.00 85.00 422.00 480.00 337.00 25.00 360.00
651.00 255.00 672.00 248.00 1240.00 232.00 668.00 198.00 1229.00 198.00
684.00 320.00 703.00 304.00 1230.00 236.00 734.00 320.00 1236.00 288.00
520.00 304.00 546.00 304.00 1232.00 286.00 565.00 282.00 1247.00 240.00
676.00 370.00 707.00 376.00 1248.00 379.00 708.00 415.00 1249.00 372.00
601.00 320.00 627.00 328.00 1247.00 325.00 637.00 350.00 1240.00 325.00
600.00 349.00 622.00 342.00 1221.00 172.00 616.00 280.00 1222.00 176.00
643.00 314.00 666.00 312.00 1241.00 313.00 680.00 290.00 1240.00 308.00
566.00 364.00 584.00 372.00 1235.00 398.00 604.00 413.00 1233.00 412.00
520.00 396.00 546.00 412.00 1104.00 416.00 205.00 232.00 1114.00 444.00
536.00 300.00 570.00 300.00 1247.00 343.00 568.00 353.00 1250.00 380.00
576.00 304.00 561.00 304.00 46.00 371.00 556.00 321.00 47.00 331.00
637.00 292.00 667.00 317.00 1230.00 426.00 661.00 368.00 1228.00 454.00
660.00 283.00 685.00 283.00 1232.00 337.00 707.00 268.00 1243.00 325.00
600.00 296.00 620.00 301.00 1247.00 200.00 623.00 328.00 1236.00 168.00
684.00 313.00 664.00 350.00 28.00 356.00 660.00 298.00 29.00 264.00
627.00 386.00 596.00 386.00 52.00 463.00 619.00 385.00 54.00 428.00
623.00 328.00 644.00 326.00 1251.00 247.00 652.00 270.00 1247.00 223.00
820.00 328.00 847.00 327.00 1249.00 339.00 843.00 316.00 1251.00 363.00
660.00 316.00 687.00 333.00 1232.00 390.00 704.00 371.00 1232.00 437.00
682.00 361.00 700.00 384.00 1222.00 366.00 712.00 359.00 1224.00 372.00
492.00 301.00 515.00 300.00 1228.00 291.00 520.00 324.00 1235.00 316.00
604.00 306.00 629.00 301.00 1249.00 294.00 660.00 297.00 1251.00 307.00
516.00 288.00 536.00 295.00 1220.00 228.00 554.00 288.00 1217.00 264.00
584.00 360.00 605.00 348.00 1243.00 289.00 597.00 316.00 21.00 310.00
560.00 294.00 579.00 296.00 1208.00 252.00 593.00 254.00 1212.00 246.00
588.00 277.00 609.00 266.00 1208.00 221.00 616.00 303.00 1212.00 194.00
733.00 328.00 744.00 352.00 1247.00 387.00 762.00 344.00 1243.00 422.00
637.00 326.00 661.00 328.00 1208.00 284.00 672.00 364.00 1208.00 281.00
917.00 300.00 916.00 308.00 1248.00 304.00 914.00 300.00 1246.00 299.00
401.00 264.00 425.00 276.00 1223.00 168.00 413.00 307.00 1204.00 224.00
660.00 293.00 680.00 284.00 1209.00 269.00 710.00 273.00 1209.00 270.00
556.00 280.00 571.00 297.00 1224.00 414.00 564.00 315.00 1224.00 428.00
662.00 305.00 702.00 304.00 1241.00 255.00 704.00 276.00 1242.00 253.00
584.00 284.00 614.00 283.00 1232.00 328.00 616.00 265.00 1239.00 313.00
648.00 324.00 681.00 344.00 1224.00 424.00 691.00 352.00 1220.00 403.00
634.00 293.00 656.00 273.00 1240.00 256.00 676.00 276.00 1241.00 292.00
737.00 325.00 760.00 331.00 1226.00 267.00 775.00 345.00 1224.00 302.00
762.00 312.00 728.00 317.00 43.00 363.00 724.00 284.00 52.00 404.00
351.00 373.00 372.00 373.00 1132.00 344.00 384.00 325.00 1140.00 290.00
436.00 232.00 456.00 248.00 1143.00 250.00 464.00 278.00 1193.00 238.00
585.00 276.00 605.00 285.00 1252.00 272.00 606.00 252.00 1252.00 263.00
531.00 296.00 540.00 309.00 1224.00 391.00 560.00 320.00 1224.00 398.00
800.00 272.00 841.00 276.00 1228.00 296.00 844.00 260.00 1220.00 308.00
513.00 344.00 534.00 328.00 1159.00 240.00 544.00 284.00 1162.00 297.00
660.00 268.00 691.00 241.00 1155.00 312.00 700.00 238.00 1152.00 305.00
623.00 296.00 648.00 317.00 1231.00 380.00 651.00 302.00 1220.00 353.00
510.00 296.00 531.00 314.00 1259.00 360.00 528.00 314.00 1224.00 305.00
792.00 308.00 821.00 316.00 1245.00 345.00 824.00 311.00 1244.00 351.00
520.00 253.00 552.00 236.00 1244.00 348.00 567.00 231.00 1251.00 356.00
860.00 310.00 875.00 308.00 1216.00 324.00 889.00 304.00 1216.00 320.00
388.00 349.00 413.00 349.00 1241.00 347.00 425.00 389.00 1239.00 346.00
405.00 268.00 412.00 284.00 1096.00 599.00 407.00 308.00 404.00 284.00
520.00 280.00 560.00 266.00 1247.00 199.00 560.00 296.00 1232.00 205.00
640.00 341.00 663.00 337.00 1212.00 240.00 654.00 312.00 1214.00 213.00
1244.00 364.00 640.00 308.00 1244.00 391.00 652.00 347.00 1244.00 390.00
744.00 257.00 763.00 237.00 1231.00 260.00 785.00 236.00 1231.00 260.00
692.00 308.00 711.00 320.00 1216.00 342.00 725.00 340.00 1216.00 371.00
605.00 320.00 628.00 332.00 1216.00 400.00 640.00 344.00 1220.00 375.00
576.00 312.00 596.00 303.00 1221.00 255.00 605.00 268.00 1208.00 332.00
720.00 355.00 741.00 352.00 1244.00 371.00 772.00 377.00 1244.00 373.00
563.00 296.00 605.00 292.00 1240.00 412.00 625.00 353.00 1250.00 373.00
668.00 258.00 696.00 266.00 1225.00 313.00 700.00 278.00 1225.00 314.00
486.00 364.00 525.00 365.00 1252.00 359.00 505.00 295.00 1202.00 357.00
698.00 288.00 712.00 287.00 1246.00 292.00 720.00 279.00 1245.00 287.00
549.00 268.00 558.00 288.00 1084.00 480.00 560.00 286.00 1113.00 492.00
904.00 372.00 939.00 367.00 1238.00 368.00 937.00 396.00 1234.00 363.00
652.00 308.00 670.00 324.00 1229.00 349.00 680.00 332.00 1231.00 327.00
652.00 336.00 680.00 328.00 1230.00 360.00 677.00 327.00 1229.00 360.00
801.00 312.00 823.00 311.00 1255.00 306.00 824.00 292.00 1254.00 316.00
586.00 290.00 603.00 308.00 1208.00 397.00 624.00 314.00 1241.00 400.00
572.00 320.00 606.00 334.00 1256.00 340.00 606.00 367.00 1251.00 403.00
597.00 301.00 608.00 317.00 1248.00 368.00 634.00 349.00 1249.00 372.00
672.00 352.00 688.00 362.00 1239.00 380.00 708.00 400.00 1253.00 412.00
779.00 364.00 799.00 375.00 1251.00 415.00 826.00 373.00 1248.00 411.00
612.00 324.00 634.00 312.00 1226.00 346.00 624.00 312.00 1224.00 295.00
684.00 301.00 705.00 297.00 1244.00 303.00 708.00 318.00 1244.00 308.00
421.00 324.00 435.00 338.00 1192.00 486.00 444.00 355.00 1208.00 424.00
859.00 384.00 882.00 393.00 1245.00 497.00 878.00 414.00 1247.00 504.00
644.00 317.00 660.00 328.00 1220.00 341.00 674.00 337.00 1220.00 344.00
689.00 336.00 708.00 354.00 1196.00 377.00 728.00 358.00 1196.00 376.00
536.00 304.00 553.00 322.00 1240.00 376.00 568.00 308.00 1202.00 346.00
724.00 250.00 758.00 249.00 1213.00 253.00 760.00 192.00 1216.00 254.00
633.00 324.00 656.00 328.00 1254.00 360.00 673.00 314.00 1257.00 320.00
552.00 295.00 580.00 301.00 1239.00 324.00 588.00 284.00 1239.00 319.00
620.00 328.00 638.00 347.00 1224.00 308.00 639.00 327.00 1229.00 299.00
613.00 297.00 636.00 297.00 1247.00 367.00 656.00 312.00 1247.00 365.00
360.00 315.00 373.00 309.00 1068.00 248.00 373.00 310.00 1083.00 297.00
660.00 298.00 680.00 305.00 1236.00 411.00 681.00 330.00 1232.00 408.00
538.00 316.00 552.00 328.00 1196.00 319.00 564.00 320.00 1200.00 320.00
464.00 264.00 484.00 272.00 879.00 328.00 501.00 228.00 880.00 336.00
464.00 321.00 487.00 317.00 1036.00 404.00 505.00 344.00 1218.00 428.00
436.00 320.00 452.00 314.00 1188.00 251.00 460.00 286.00 1193.00 256.00
574.00 168.00 596.00 152.00 1224.00 280.00 628.00 167.00 1220.00 252.00
629.00 320.00 636.00 342.00 1228.00 275.00 637.00 332.00 1228.00 276.00
636.00 297.00 657.00 302.00 1224.00 331.00 692.00 255.00 1233.00 304.00
760.00 260.00 778.00 265.00 1254.00 256.00 789.00 233.00 1256.00 220.00
537.00 344.00 554.00 348.00 1220.00 336.00 576.00 352.00 1223.00 358.00
607.00 356.00 617.00 342.00 1212.00 269.00 662.00 355.00 1232.00 320.00
620.00 356.00 655.00 365.00 1224.00 424.00 671.00 399.00 1224.00 424.00
508.00 328.00 527.00 351.00 1249.00 404.00 548.00 368.00 1250.00 400.00
648.00 344.00 677.00 328.00 1240.00 227.00 695.00 308.00 1239.00 228.00
521.00 271.00 398.00 232.00 1188.00 239.00 523.00 264.00 1187.00 244.00
420.00 232.00 444.00 240.00 1132.00 396.00 452.00 256.00 913.00 344.00
681.00 289.00 700.00 277.00 1248.00 245.00 200.00 246.00 21.00 288.00
565.00 324.00 584.00 325.00 1208.00 400.00 603.00 364.00 1220.00 468.00
700.00 276.00 724.00 267.00 1246.00 263.00 753.00 248.00 1247.00 268.00
555.00 310.00 575.00 305.00 1255.00 388.00 585.00 332.00 1244.00 311.00
483.00 260.00 1228.00 345.00 1229.00 359.00 1231.00 348.00 1228.00 359.00
597.00 310.00 622.00 296.00 67.00 546.00 602.00 260.00 87.00 528.00
513.00 331.00 546.00 333.00 1238.00 260.00 563.00 276.00 1240.00 292.00
464.00 343.00 491.00 349.00 1244.00 272.00 496.00 328.00 1247.00 296.00
452.00 296.00 486.00 293.00 1136.00 215.00 488.00 245.00 1232.00 213.00
469.00 288.00 490.00 279.00 1224.00 366.00 533.00 232.00 1225.00 410.00
516.00 282.00 535.00 278.00 1225.00 153.00 547.00 271.00 1228.00 156.00
576.00 376.00 609.00 356.00 1240.00 240.00 596.00 413.00 1241.00 268.00
896.00 316.00 876.00 317.00 1237.00 360.00 857.00 346.00 33.00 364.00
708.00 322.00 731.00 320.00 1208.00 261.00 733.00 300.00 1208.00 264.00
668.00 236.00 696.00 236.00 1247.00 324.00 731.00 202.00 1247.00 322.00
543.00 304.00 559.00 311.00 1223.00 360.00 570.00 299.00 1224.00 310.00
629.00 284.00 1240.00 292.00 1244.00 307.00 1241.00 293.00 1245.00 304.00
714.00 280.00 732.00 282.00 1232.00 254.00 776.00 260.00 1230.00 256.00
615.00 325.00 632.00 300.00 1215.00 396.00 650.00 328.00 1248.00 432.00
809.00 237.00 830.00 252.00 1251.00 308.00 800.00 254.00 1248.00 284.00
616.00 252.00 630.00 252.00 1217.00 315.00 664.00 197.00 1207.00 240.00
524.00 248.00 540.00 236.00 1020.00 315.00 532.00 237.00 1208.00 352.00
684.00 302.00 708.00 300.00 1244.00 280.00 724.00 283.00 1250.00 274.00
572.00 349.00 592.00 368.00 1225.00 414.00 586.00 352.00 1224.00 411.00
449.00 352.00 471.00 353.00 1232.00 263.00 481.00 369.00 1232.00 264.00
522.00 340.00 540.00 328.00 1196.00 292.00 546.00 312.00 1206.00 344.00
460.00 304.00 486.00 304.00 1254.00 370.00 480.00 348.00 1223.00 367.00
596.00 284.00 618.00 294.00 1242.00 366.00 617.00 329.00 1237.00 372.00
409.00 392.00 423.00 394.00 984.00 296.00 460.00 384.00 986.00 300.00
692.00 272.00 707.00 295.00 1247.00 308.00 725.00 278.00 1248.00 306.00
516.00 353.00 551.00 355.00 1220.00 254.00 563.00 355.00 1223.00 217.00
468.00 220.00 485.00 233.00 1235.00 411.00 503.00 276.00 1232.00 408.00
630.00 328.00 666.00 336.00 1232.00 293.00 662.00 308.00 1221.00 300.00
636.00 253.00 657.00 282.00 1247.00 270.00 635.00 316.00 1244.00 260.00
654.00 314.00 665.00 324.00 1227.00 324.00 656.00 324.00 1227.00 322.00
588.00 332.00 602.00 314.00 1189.00 420.00 620.00 333.00 1200.00 396.00
672.00 272.00 696.00 279.00 1243.00 344.00 700.00 300.00 1232.00 319.00
664.00 351.00 689.00 329.00 1249.00 257.00 691.00 344.00 1237.00 261.00
692.00 272.00 713.00 252.00 1244.00 280.00 737.00 264.00 1244.00 279.00
570.00 308.00 589.00 316.00 1231.00 204.00 598.00 312.00 1220.00 268.00
652.00 309.00 678.00 322.00 1221.00 224.00 674.00 297.00 1189.00 228.00
714.00 281.00 733.00 274.00 1236.00 226.00 734.00 262.00 1236.00 226.00
926.00 356.00 944.00 382.00 1245.00 417.00 930.00 400.00 1248.00 415.00
686.00 348.00 712.00 355.00 1255.00 354.00 716.00 324.00 1252.00 325.00
600.00 317.00 629.00 309.00 1247.00 324.00 615.00 280.00 1244.00 339.00
522.00 352.00 546.00 352.00 1223.00 376.00 556.00 364.00 1220.00 376.00
562.00 264.00 583.00 283.00 1247.00 303.00 597.00 264.00 1244.00 319.00
464.00 296.00 481.00 292.00 1253.00 316.00 504.00 296.00 1218.00 292.00
669.00 268.00 695.00 272.00 1239.00 323.00 716.00 229.00 1232.00 333.00
