0.3532 0.5526 0.9731 0.5511 0.0 0.0 0.9742 0.5736 0.3793 0.5391
0.4731 0.4722 0.9684 0.4781 0.0 0.0 0.9684 0.5029 0.0 0.0
0.634 0.4744 0.6442 0.4496 0.9572 0.2188 0.6329 0.4094 0.973 0.2854
0.3875 0.4494 0.4213 0.4419 0.9724 0.3905 0.446 0.46 0.9735 0.4071
0.5101 0.4741 0.5225 0.4568 0.9663 0.4348 0.5405 0.4285 0.9651 0.4097
0.533 0.4159 0.5512 0.3923 0.98 0.3373 0.5614 0.4473 0.9823 0.4301
0.435 0.4419 0.4417 0.4667 0.9774 0.5457 0.4507 0.4853 0.9796 0.4946
0.7055 0.6287 0.7179 0.6142 0.9889 0.6239 0.7258 0.6696 0.9912 0.708
0.5408 0.5082 0.5567 0.5119 0.9838 0.468 0.5635 0.4918 0.9816 0.5192
0.5178 0.4259 0.5491 0.4418 0.9728 0.3621 0.5346 0.4434 0.9728 0.3733
0.3948 0.4862 0.4116 0.5057 0.9722 0.723 0.4239 0.5786 0.9722 0.6646
0.3759 0.4992 0.3938 0.5069 0.9863 0.5054 0.4027 0.5254 0.9874 0.4793
0.0 0.0 0.4844 0.5768 0.9739 0.5861 0.4844 0.5318 0.9773 0.5178
0.6233 0.4178 0.6468 0.4148 0.9819 0.2851 0.6547 0.3605 0.9684 0.2745
0.4012 0.4315 0.4203 0.4439 0.9724 0.4116 0.4192 0.4963 0.9713 0.4464
0.393 0.4286 0.402 0.4347 0.9676 0.4438 0.4076 0.4803 0.9721 0.6321
0.4899 0.6078 0.4765 0.6001 0.4776 0.03 0.4563 0.5894 0.4697 0.0529
0.4696 0.4976 0.4887 0.4992 0.9733 0.4454 0.4977 0.485 0.9597 0.4406
0.4375 0.4659 0.4534 0.4675 0.9667 0.4723 0.4637 0.477 0.961 0.4818
0.4933 0.4667 0.5112 0.4915 0.9706 0.6124 0.5201 0.5473 0.9684 0.6263
0.4487 0.5131 0.4677 0.3777 0.9726 0.4746 0.4543 0.5023 0.9704 0.5392
0.4599 0.3776 0.4755 0.415 0.9748 0.4181 0.4855 0.3588 0.9782 0.3635
0.4626 0.4095 0.4762 0.427 0.9812 0.7365 0.4751 0.4757 0.9733 0.7481
0.4843 0.4684 0.4933 0.5071 0.9813 0.6844 0.5056 0.5132 0.9723 0.6885
0.4715 0.4797 0.4897 0.4917 0.9798 0.4321 0.4943 0.4083 0.9707 0.4083
0.5416 0.404 0.5607 0.3927 0.9753 0.3385 0.5674 0.334 0.9764 0.4108
0.3731 0.4802 0.3935 0.504 0.985 0.5071 0.4059 0.5246 0.9793 0.496
0.4841 0.5438 0.466 0.5454 0.9852 0.5582 0.5431 0.5661 0.9852 0.6251
0.4696 0.4297 0.4831 0.42 0.9808 0.4441 0.4854 0.4578 0.9785 0.51
0.3193 0.5092 0.3319 0.5277 0.9541 0.5687 0.3467 0.4395 0.9575 0.5215
0.4728 0.3626 0.4864 0.379 0.9817 0.3313 0.5102 0.3922 0.9726 0.3115
0.5513 0.6061 0.578 0.5643 0.9915 0.5008 0.5624 0.6681 0.9548 0.6728
0.4374 0.4218 0.4597 0.4499 0.9775 0.4236 0.4732 0.3199 0.9808 0.3603
0.5437 0.5008 0.5639 0.4808 0.9709 0.413 0.5605 0.4315 0.9776 0.4038
0.4875 0.4767 0.5057 0.4863 0.9767 0.5813 0.5068 0.5233 0.9711 0.5684
0.5998 0.4638 0.6123 0.5067 0.9913 0.5968 0.6282 0.4993 0.9879 0.6116
0.4843 0.4976 0.4944 0.4766 0.9741 0.572 0.5034 0.504 0.9685 0.5881
0.4516 0.5102 0.4685 0.5071 0.9809 0.4866 0.4651 0.4898 0.9764 0.4725
0.4532 0.4589 0.4666 0.4605 0.9748 0.5271 0.4799 0.4403 0.9782 0.4558
0.6503 0.4403 0.6593 0.4628 0.9845 0.5011 0.6761 0.3794 0.9856 0.4064
0.3813 0.5822 0.4007 0.5906 0.9645 0.8469 0.3939 0.7215 0.9223 0.9834
0.4272 0.5039 0.444 0.5519 0.9649 0.5534 0.453 0.5194 0.9682 0.4682
0.2278 0.5335 0.2491 0.5277 0.941 0.3383 0.2784 0.4359 0.9387 0.2809
0.4383 0.5278 0.454 0.5362 0.9746 0.6794 0.4663 0.5851 0.9746 0.6862
0.4741 0.3992 0.4854 0.3992 0.9708 0.4192 0.4989 0.4269 0.973 0.3746
0.3501 0.3877 0.3581 0.3961 0.9644 0.4087 0.3762 0.4087 0.9656 0.3772
0.4421 0.3937 0.4534 0.3991 0.9792 0.5277 0.4659 0.358 0.9792 0.5134
0.5067 0.5137 0.5245 0.525 0.9909 0.5767 0.5245 0.5379 0.9842 0.5605
0.4659 0.4689 0.4886 0.4973 0.9799 0.5151 0.5057 0.4104 0.9753 0.4689
0.4774 0.533 0.9758 0.5598 0.0 0.0 0.4989 0.5919 0.9724 0.674
0.5 0.4554 0.517 0.4521 0.9731 0.4586 0.9765 0.4294 0.0 0.0
0.5226 0.4518 0.5373 0.4763 0.9796 0.5038 0.552 0.5084 0.9773 0.5145
0.4671 0.4726 0.4852 0.4769 0.9631 0.5526 0.4977 0.5091 0.962 0.5582
0.6702 0.4584 0.6872 0.4563 0.9902 0.6013 0.6884 0.4925 0.9902 0.629
0.5529 0.6932 0.5709 0.6401 0.9523 0.4661 0.5866 0.7994 0.9624 0.5693
0.4302 0.4149 0.4426 0.4993 0.9761 0.5193 0.4629 0.4263 0.9806 0.4163
0.4435 0.4275 0.4514 0.4494 0.9478 0.6573 0.4649 0.5232 0.9545 0.6846
0.4763 0.4389 0.5011 0.4462 0.9663 0.5301 0.5113 0.428 0.9685 0.4498
0.5011 0.5458 0.5202 0.5579 0.9736 0.6028 0.0 0.0 0.9736 0.6252
0.5697 0.4975 0.5821 0.524 0.9846 0.5306 0.5686 0.5736 0.9824 0.5703
0.5703 0.5133 0.5725 0.4789 0.9809 0.5148 0.5926 0.5008 0.9809 0.5304
0.378 0.5172 0.396 0.5117 0.9735 0.5886 0.4017 0.5584 0.9712 0.6147
0.5067 0.5239 0.5167 0.526 0.9867 0.5426 0.5312 0.5198 0.9867 0.5738
0.5079 0.4478 0.5158 0.4276 0.9631 0.3671 0.5361 0.4148 0.9699 0.4331
0.3992 0.586 0.4059 0.5922 0.9794 0.6434 0.407 0.6077 0.9794 0.5891
0.4696 0.5661 0.491 0.5676 0.9741 0.5448 0.5011 0.6086 0.9741 0.5828
0.4615 0.546 0.4762 0.557 0.9733 0.5258 0.4785 0.5929 0.9665 0.4883
0.49 0.5164 0.5123 0.5182 0.9771 0.5026 0.5279 0.5562 0.976 0.5684
0.368 0.5366 0.3827 0.5515 0.967 0.5276 0.3838 0.5157 0.9748 0.553
0.4317 0.5889 0.4496 0.5725 0.9639 0.4248 0.4664 0.5862 0.9661 0.4439
0.4377 0.4615 0.431 0.4961 0.9776 0.5055 0.4525 0.5212 0.9765 0.4804
0.3806 0.5485 0.3997 0.544 0.9777 0.544 0.4144 0.6432 0.9788 0.6319
0.5462 0.4297 0.5271 0.4428 0.0332 0.604 0.5169 0.381 0.0332 0.5628
0.5687 0.3436 0.5788 0.3609 0.973 0.5149 0.5777 0.3908 0.9775 0.4835
0.5191 0.4721 0.5437 0.4653 0.9745 0.4687 0.5337 0.4349 0.9778 0.4231
0.5404 0.5156 0.5438 0.4975 0.9779 0.468 0.5505 0.4762 0.9723 0.5041
0.6155 0.5755 0.6324 0.6092 0.9822 0.6323 0.6234 0.5364 0.9811 0.5098
0.4583 0.5048 0.4718 0.4971 0.9806 0.4704 0.4639 0.436 0.9806 0.4532
0.5472 0.493 0.5562 0.5032 0.9764 0.5415 0.5685 0.5492 0.9775 0.553
0.4463 0.6518 0.4642 0.6434 0.9494 0.454 0.4653 0.5097 0.9449 0.4401
0.5799 0.4678 0.5968 0.4643 0.9828 0.4469 0.6002 0.5061 0.9794 0.4887
0.534 0.5102 0.5431 0.5456 0.9828 0.5661 0.5487 0.5828 0.9828 0.5493
0.5403 0.345 0.5582 0.3507 0.969 0.3754 0.5414 0.3107 0.9601 0.2898
0.4591 0.5717 0.475 0.5605 0.9758 0.4424 0.4841 0.493 0.9758 0.4845
0.5157 0.4909 0.5292 0.4909 0.9835 0.5504 0.5437 0.4711 0.9756 0.6164
0.6802 0.4481 0.7039 0.4154 0.9888 0.3471 0.723 0.4452 0.9821 0.414
0.5908 0.4473 0.5999 0.4366 0.9801 0.3794 0.5999 0.4562 0.9767 0.4062
0.357 0.4533 0.3763 0.4663 0.9597 0.6835 0.3706 0.4055 0.9608 0.6553
0.5141 0.4947 0.4908 0.5149 0.4733 0.9538 0.5238 0.5235 0.4917 0.9557
0.4936 0.4869 0.5005 0.4523 0.964 0.4067 0.5005 0.4772 0.963 0.4274
0.5679 0.4814 0.5825 0.4856 0.976 0.5529 0.5845 0.5144 0.9741 0.5722
0.6148 0.5938 0.6276 0.5652 0.9782 0.4812 0.6443 0.651 0.9822 0.6206
0.5509 0.4651 0.5722 0.4835 0.982 0.53 0.5547 0.5679 0.9761 0.5813
0.4985 0.5466 0.521 0.545 0.9808 0.5496 0.5288 0.5924 0.9789 0.6
0.4295 0.4669 0.4616 0.4486 0.9691 0.3391 0.4616 0.4737 0.97 0.3733
0.5073 0.4658 0.5267 0.4552 0.9788 0.4445 0.5267 0.4187 0.9759 0.4247
0.3214 0.3882 0.3438 0.4043 0.9774 0.505 0.3516 0.3499 0.9774 0.4486
0.4225 0.5133 0.4442 0.533 0.9761 0.554 0.4413 0.5596 0.9751 0.561
0.5399 0.4435 0.5537 0.445 0.9746 0.4961 0.0 0.0 0.9815 0.4249
0.6216 0.423 0.6265 0.46 0.9919 0.4152 0.989 0.425 0.0 0.0
0.4265 0.4729 0.443 0.4782 0.9805 0.5201 0.444 0.4415 0.9776 0.4956
0.5991 0.4314 0.6235 0.4272 0.9876 0.399 0.644 0.3801 0.9857 0.3791
0.4643 0.5602 0.4858 0.5838 0.9743 0.4965 0.4917 0.5484 0.9753 0.5153
0.4338 0.4098 0.4671 0.4383 0.9686 0.4573 0.4691 0.4017 0.9696 0.4125
0.4946 0.3873 0.5073 0.4082 0.9756 0.4351 0.9776 0.3977 0.0 0.0
0.4652 0.4887 0.4838 0.4816 0.9793 0.1894 0.4818 0.3913 0.9724 0.1051
0.5102 0.4502 0.5327 0.4709 0.9855 0.6379 0.5288 0.5239 0.9855 0.6469
0.5346 0.5374 0.555 0.5209 0.9903 0.4499 0.5521 0.5387 0.9893 0.4689
0.5103 0.4993 0.5289 0.5062 0.9752 0.443 0.5368 0.5062 0.9743 0.4375
0.4829 0.5071 0.5034 0.5084 0.9832 0.6101 0.5141 0.52 0.9744 0.681
0.2988 0.6168 0.3153 0.601 0.8766 0.5 0.3173 0.6389 0.8766 0.5663
0.4752 0.4979 0.4985 0.4852 0.9579 0.3354 0.5121 0.4747 0.955 0.3164
0.3694 0.5038 0.3898 0.5364 0.9441 0.5403 0.3986 0.5518 0.9471 0.5825
0.1431 0.4383 0.1637 0.4311 0.9413 0.2496 0.1765 0.3839 0.9394 0.2732
0.5092 0.461 0.5374 0.4568 0.9815 0.4219 0.5413 0.4024 0.9834 0.4135
0.4877 0.5426 0.5201 0.5258 0.9659 0.3748 0.526 0.5465 0.9797 0.3812
0.4675 0.4667 0.4898 0.457 0.9755 0.3752 0.5044 0.4251 0.9736 0.3406
0.2853 0.5811 0.9436 0.4984 0.0 0.0 0.3127 0.5573 0.9553 0.5032
0.4691 0.4489 0.4828 0.462 0.9755 0.5301 0.4897 0.4856 0.9765 0.5432
0.4446 0.4511 0.4554 0.4474 0.968 0.4417 0.4691 0.3722 0.969 0.3741
0.3828 0.5177 0.4042 0.4968 0.9732 0.4839 0.411 0.5774 0.9751 0.5532
0.5083 0.3771 0.5319 0.3854 0.9719 0.5731 0.5358 0.3555 0.9729 0.5797
0.4563 0.5123 0.475 0.5096 0.9725 0.5 0.474 0.5232 0.9745 0.4604
0.4761 0.5312 0.9721 0.5312 0.0 0.0 0.5005 0.5492 0.9721 0.5394
0.4655 0.4259 0.4849 0.4166 0.9732 0.3554 0.4947 0.4222 0.9703 0.4018
0.4907 0.4872 0.5212 0.4744 0.9818 0.4303 0.5231 0.4431 0.9808 0.4559
0.4878 0.5109 0.5005 0.5188 0.9756 0.5219 0.5063 0.475 0.9727 0.4937
0.3563 0.4367 0.9675 0.4068 0.0 0.0 0.3847 0.4284 0.9734 0.3218
0.519 0.5388 0.5442 0.5343 0.9788 0.4292 0.5413 0.5011 0.9817 0.444
0.4644 0.5509 0.4878 0.5715 0.9682 0.6499 0.4907 0.6169 0.9702 0.643
0.2775 0.5743 0.2579 0.5583 0.0232 0.5723 0.2413 0.6306 0.0252 0.6085
0.3633 0.553 0.3701 0.5397 0.8128 0.1072 0.3808 0.5574 0.8148 0.1271
0.6421 0.4253 0.6624 0.4304 0.9738 0.3951 0.676 0.388 0.9757 0.383
0.5278 0.5079 0.5464 0.5026 0.9829 0.4367 0.5483 0.4591 0.9819 0.4222
0.3898 0.5254 0.4143 0.541 0.9609 0.4863 0.4172 0.584 0.9609 0.459
0.394 0.5521 0.3773 0.5549 0.0284 0.6838 0.3763 0.5247 0.0313 0.5576
0.4966 0.4061 0.525 0.3962 0.9639 0.304 0.5172 0.3254 0.9649 0.3551
0.3645 0.4509 0.3784 0.4457 0.9155 0.6008 0.3903 0.3785 0.9165 0.5595
0.5375 0.5028 0.5482 0.4759 0.9622 0.3651 0.5696 0.4915 0.966 0.4503
0.4102 0.4782 0.4279 0.4756 0.9557 0.4538 0.4446 0.4333 0.9587 0.3756
0.5262 0.5804 0.5578 0.5909 0.9754 0.5979 0.5528 0.6608 0.9774 0.6223
0.3824 0.5535 0.402 0.5517 0.96 0.459 0.4078 0.4715 0.9531 0.5036
0.4366 0.5677 0.4501 0.5896 0.9719 0.5743 0.4705 0.6093 0.969 0.6202
0.3727 0.5383 0.3903 0.5315 0.9618 0.6261 0.401 0.6081 0.9627 0.6576
0.4536 0.3945 0.4702 0.4019 0.9611 0.408 0.4849 0.3712 0.9601 0.4227
0.4567 0.565 0.4849 0.5253 0.959 0.4892 0.4547 0.6842 0.9668 0.6264
0.4262 0.4649 0.4516 0.4737 0.9745 0.5491 0.4438 0.5491 0.9726 0.5895
0.4664 0.4862 0.4479 0.4725 0.0318 0.5367 0.4352 0.5046 0.0387 0.5779
0.4818 0.5105 0.4632 0.5235 0.041 0.5941 0.4612 0.5693 0.0331 0.5327
0.3033 0.48 0.3042 0.4917 0.9384 0.6099 0.9423 0.6915 0.0 0.0
0.5229 0.4747 0.5386 0.4843 0.9771 0.4265 0.5464 0.4168 0.9751 0.4084
0.5228 0.4432 0.5403 0.4526 0.9688 0.5347 0.552 0.4147 0.9727 0.5126
0.48 0.4769 0.4897 0.4444 0.9585 0.4186 0.4888 0.4756 0.9594 0.4376
0.2964 0.4346 0.3121 0.4596 0.9246 0.5487 0.3111 0.4972 0.9226 0.5598
0.5123 0.4858 0.5191 0.5142 0.9629 0.5965 0.5437 0.5071 0.9708 0.5483
0.528 0.49 0.5132 0.51 0.0404 0.5517 0.5123 0.4622 0.0404 0.4025
0.4237 0.5475 0.4404 0.5554 0.9339 0.4308 0.4473 0.5218 0.9378 0.4802
0.3549 0.464 0.3656 0.4279 0.9588 0.4958 0.3686 0.3834 0.9607 0.4682
0.4916 0.5232 0.5084 0.5 0.9502 0.384 0.5094 0.4093 0.9522 0.365
0.6086 0.5059 0.9786 0.2626 0.0 0.0 0.6641 0.5354 0.9864 0.3131
0.5278 0.4638 0.5395 0.4879 0.9569 0.3774 0.5375 0.5342 0.9588 0.3935
0.4485 0.4406 0.4711 0.453 0.9615 0.4599 0.9743 0.3521 0.0 0.0
0.52 0.488 0.5258 0.506 0.9787 0.6559 0.5414 0.5879 0.9241 0.6399
0.3908 0.4341 0.4277 0.4429 0.9548 0.522 0.4151 0.4444 0.9548 0.5513
0.52 0.4375 0.5415 0.4546 0.98 0.809 0.5522 0.4424 0.9751 0.8139
0.4237 0.4891 0.4538 0.4904 0.9416 0.4686 0.4451 0.4727 0.9377 0.4563
0.59 0.4337 0.6308 0.4252 0.98 0.4847 0.6581 0.4116 0.9781 0.4949
0.5407 0.503 0.5564 0.5267 0.9657 0.6351 0.5672 0.546 0.9637 0.6455
0.452 0.4704 0.4772 0.4642 0.9707 0.4735 0.517 0.447 0.9697 0.4579
0.5112 0.5656 0.522 0.5805 0.9654 0.5911 0.5308 0.6249 0.9654 0.6101
0.5636 0.4751 0.5814 0.4737 0.9778 0.3563 0.5823 0.4419 0.9758 0.3355
0.601 0.5613 0.6247 0.5613 0.9776 0.5669 0.6286 0.5139 0.9736 0.5724
0.4759 0.4461 0.4818 0.4563 0.9558 0.4198 0.4995 0.449 0.9499 0.3965
0.4575 0.4252 0.4731 0.4049 0.9415 0.3099 0.479 0.4737 0.9405 0.3584
0.5505 0.4743 0.577 0.4643 0.9716 0.4515 0.5908 0.4557 0.9706 0.42
0.5718 0.5147 0.5893 0.547 0.9819 0.6233 0.5864 0.5264 0.9799 0.6453
0.4946 0.4985 0.5122 0.503 0.97 0.417 0.522 0.5679 0.97 0.4502
0.7225 0.5487 0.7538 0.563 0.9876 0.601 0.7362 0.6034 0.9886 0.6663
0.6114 0.5677 0.6183 0.6151 0.9728 0.8513 0.6026 0.6329 0.9836 0.7599
0.4268 0.4593 0.4578 0.4691 0.9638 0.4355 0.4704 0.4327 0.9657 0.4523
0.4238 0.4607 0.4484 0.4535 0.9676 0.4911 0.4641 0.4499 0.9646 0.4678
0.4641 0.4924 0.4838 0.4817 0.9653 0.4832 0.4828 0.4146 0.9565 0.5473
0.4557 0.5826 0.4781 0.5967 0.9661 0.6108 0.4907 0.649 0.9642 0.4496
0.4626 0.4841 0.481 0.4957 0.9702 0.4855 0.5005 0.542 0.977 0.5391
0.5794 0.4307 0.6126 0.455 0.9664 0.6195 0.6428 0.3892 0.9751 0.5606
0.437 0.5322 0.4648 0.5101 0.9116 0.3431 0.4598 0.4779 0.9185 0.4135
0.5053 0.4744 0.5384 0.4687 0.9488 0.3919 0.5511 0.4203 0.9478 0.4004
0.4674 0.4328 0.481 0.4578 0.9622 0.5109 0.4849 0.4093 0.9603 0.4812
0.5228 0.4289 0.5394 0.4052 0.9562 0.3638 0.5423 0.3381 0.9562 0.3776
0.4868 0.4654 0.5064 0.423 0.9787 0.3915 0.5259 0.4308 0.9767 0.4638
0.5623 0.5099 0.6074 0.5014 0.9705 0.4648 0.5917 0.5268 0.9715 0.4084
0.5044 0.4501 0.518 0.4719 0.955 0.4252 0.5248 0.5187 0.9541 0.4486
0.7648 0.3574 0.7924 0.3513 0.9877 0.3371 0.7875 0.2658 0.9857 0.3086
0.6272 0.4116 0.6545 0.4182 0.9791 0.4102 0.6603 0.3469 0.9752 0.3997
0.3664 0.3985 0.379 0.43 0.963 0.3092 0.3975 0.3792 0.961 0.3652
0.3432 0.3676 0.365 0.386 0.9279 0.375 0.357 0.3768 0.9378 0.4485
0.4531 0.4298 0.4708 0.4269 0.96 0.4152 0.4758 0.4518 0.958 0.4284
0.4193 0.4555 0.4251 0.4852 0.9575 0.6206 0.4388 0.487 0.9585 0.6262
0.5883 0.5206 0.6139 0.5343 0.9768 0.6003 0.6159 0.5618 0.9778 0.6044
0.6263 0.4007 0.6361 0.4395 0.9843 0.4798 0.6702 0.4472 0.9834 0.4674
0.5005 0.4906 0.5064 0.4532 0.9711 0.4063 0.5368 0.4419 0.976 0.4288
0.4878 0.4678 0.5063 0.4839 0.9741 0.5935 0.516 0.529 0.9732 0.5419
0.4867 0.4524 0.4956 0.4381 0.9693 0.3476 0.5093 0.4047 0.9703 0.3555
0.4878 0.4886 0.5024 0.4957 0.9582 0.3942 0.522 0.4428 0.964 0.4028
0.6216 0.4893 0.6401 0.488 0.9829 0.5401 0.6499 0.4706 0.9819 0.5561
0.4115 0.3979 0.437 0.4018 0.9746 0.479 0.4018 0.2656 0.9384 0.5445
0.3207 0.3937 0.3395 0.3881 0.8769 0.4161 0.3493 0.39 0.8809 0.4347
0.4559 0.4172 0.4743 0.4325 0.9551 0.6595 0.4869 0.4663 0.957 0.6518
0.4756 0.381 0.468 0.4098 0.2844 0.9655 0.4799 0.4032 0.3843 0.9642
0.3946 0.4154 0.4102 0.4331 0.9433 0.6632 0.4238 0.443 0.9569 0.6593
0.6624 0.4886 0.6809 0.4829 0.9725 0.5 0.6946 0.4659 0.9744 0.5133
0.4441 0.5597 0.4586 0.5485 0.9617 0.5578 0.4771 0.6193 0.95 0.6212
0.4574 0.3948 0.4799 0.408 0.9556 0.5695 0.5005 0.3366 0.9585 0.5638
0.2989 0.5401 0.3117 0.5292 0.9282 0.5164 0.3343 0.6021 0.9252 0.5638
0.4093 0.431 0.4211 0.4288 0.9525 0.3776 0.4348 0.4088 0.9535 0.3509
0.6014 0.4922 0.6269 0.5874 0.9747 0.7075 0.6112 0.5858 0.9816 0.6279
0.4762 0.4629 0.5015 0.4956 0.9648 0.6419 0.484 0.5917 0.9716 0.5742
0.5064 0.5045 0.5281 0.503 0.9583 0.488 0.5241 0.467 0.9612 0.5599
0.5397 0.4887 0.5564 0.4968 0.9651 0.5354 0.5681 0.5257 0.9357 0.5531
0.3776 0.3548 0.359 0.318 0.9278 0.4325 0.398 0.4427 0.9405 0.5818
0.5289 0.649 0.5279 0.6078 0.9553 0.4842 0.5436 0.6426 0.9553 0.5048
0.6064 0.5989 0.6329 0.6015 0.9704 0.6991 0.6604 0.6692 0.9773 0.6458
0.4087 0.4367 0.4253 0.4274 0.9592 0.4777 0.4449 0.4385 0.9651 0.4702
0.3316 0.4327 0.355 0.4507 0.895 0.5673 0.3628 0.3857 0.9076 0.4978
0.4063 0.4124 0.4218 0.4031 0.953 0.4894 0.448 0.4071 0.9608 0.4442
0.474 0.4942 0.4956 0.5058 0.9678 0.6152 0.4985 0.5274 0.9717 0.5864
0.5044 0.5636 0.5221 0.562 0.9675 0.51 0.5299 0.6021 0.9684 0.5352
0.4439 0.4925 0.4673 0.4774 0.9529 0.3966 0.4712 0.4078 0.9626 0.5263
0.5054 0.4783 0.5172 0.5144 0.9732 0.6589 0.5369 0.509 0.9761 0.6373
0.4869 0.4277 0.4742 0.4218 0.9737 0.4218 0.5112 0.3982 0.9747 0.4469
0.6967 0.6132 0.6831 0.6066 0.9901 0.8251 0.722 0.6426 0.9872 0.8357
0.5617 0.5498 0.5666 0.5364 0.9776 0.5714 0.6025 0.5875 0.9805 0.5889
0.5422 0.4935 0.5587 0.4883 0.9846 0.5939 0.5752 0.4922 0.9836 0.607
0.4947 0.5016 0.485 0.5228 0.9539 0.4902 0.517 0.5261 0.9548 0.5065
0.3764 0.4653 0.3919 0.4682 0.9561 0.3946 0.4113 0.4538 0.9561 0.3743
0.406 0.4702 0.3904 0.4472 0.9601 0.4052 0.4557 0.5162 0.9494 0.5379
0.5429 0.4506 0.5537 0.441 0.9689 0.4671 0.5676 0.4382 0.9739 0.4382
0.4272 0.4197 0.4401 0.4496 0.9028 0.7838 0.4311 0.4552 0.9028 0.6942
0.524 0.5593 0.5466 0.5548 0.9587 0.5445 0.5584 0.5608 0.9617 0.6171
0.4177 0.4424 0.4391 0.4647 0.9632 0.4032 0.4323 0.4608 0.9642 0.4189
0.5754 0.3509 0.5883 0.3621 0.9729 0.3547 0.5942 0.323 0.9561 0.2503
0.7067 0.5769 0.7272 0.5737 0.9783 0.5625 0.7252 0.6138 0.9783 0.585
0.5568 0.5437 0.5646 0.5682 0.929 0.8016 0.5598 0.5873 0.9513 0.7661
0.4661 0.4587 0.4769 0.4794 0.9637 0.5688 0.4789 0.5041 0.9627 0.5853
0.5162 0.4808 0.524 0.5015 0.954 0.5474 0.5299 0.5178 0.9559 0.503
0.4869 0.5205 0.4976 0.5117 0.9781 0.5513 0.5209 0.5952 0.98 0.5601
0.5063 0.5253 0.5298 0.5089 0.9805 0.579 0.5356 0.5298 0.9796 0.5581
0.4661 0.4465 0.471 0.4776 0.9739 0.6398 0.4897 0.4896 0.9759 0.6259
0.4491 0.4921 0.4695 0.5222 0.9627 0.6287 0.4724 0.5445 0.9666 0.527
0.4538 0.4802 0.483 0.496 0.9833 0.5672 0.5005 0.5533 0.9833 0.5869
0.5982 0.5679 0.6275 0.5854 0.981 0.6556 0.6509 0.5842 0.9791 0.6439
0.6371 0.4803 0.6176 0.4656 0.0818 0.3002 0.601 0.5459 0.0652 0.4083
0.4661 0.4927 0.4769 0.5015 0.9679 0.4796 0.5025 0.5204 0.9698 0.5
0.4585 0.5895 0.4888 0.5696 0.9762 0.4276 0.5044 0.6335 0.9811 0.4773
0.6851 0.4498 0.7065 0.4458 0.9708 0.3834 0.7065 0.4051 0.9708 0.3617
0.2639 0.463 0.2776 0.495 0.3689 0.973 0.2089 0.5059 0.2541 0.9679
0.5053 0.5154 0.5228 0.5293 0.9647 0.5911 0.5199 0.4907 0.9685 0.568
0.4418 0.4828 0.4613 0.4828 0.9606 0.4197 0.4692 0.5593 0.9577 0.4331
0.6676 0.5956 0.6841 0.6102 0.9834 0.796 0.6832 0.6447 0.9892 0.7748
0.5083 0.4218 0.5201 0.3953 0.9734 0.44 0.5319 0.4191 0.9744 0.4079
0.5299 0.4869 0.5397 0.4869 0.9765 0.4637 0.5496 0.5218 0.9755 0.5116
0.5402 0.5238 0.5538 0.5424 0.9732 0.5934 0.5663 0.5509 0.9702 0.5951
0.4273 0.4585 0.4341 0.5031 0.963 0.5568 0.4419 0.4939 0.964 0.5629
0.5705 0.3885 0.588 0.3854 0.9771 0.3901 0.5939 0.3037 0.9722 0.4184
0.4819 0.505 0.479 0.5248 0.9768 0.7182 0.5112 0.6041 0.9758 0.6984
0.4694 0.481 0.4762 0.5086 0.9767 0.6121 0.5073 0.5552 0.9796 0.5379
0.395 0.4622 0.4147 0.4754 0.948 0.546 0.4384 0.4015 0.9519 0.4869
0.4926 0.5055 0.5025 0.5234 0.9611 0.5591 0.5271 0.4766 0.967 0.4904
0.4422 0.4639 0.4548 0.4786 0.9688 0.5374 0.4636 0.5227 0.9698 0.4947
0.5054 0.4925 0.5229 0.509 0.9587 0.5391 0.519 0.5271 0.9597 0.506
0.4906 0.4631 0.4985 0.4645 0.9611 0.5874 0.5153 0.4741 0.9581 0.5737
0.5171 0.4708 0.5268 0.474 0.9777 0.6298 0.5327 0.5179 0.9757 0.6461
0.4253 0.4717 0.438 0.4758 0.9565 0.5431 0.4692 0.4825 0.9536 0.5888
0.5636 0.4986 0.5793 0.4903 0.9805 0.5194 0.5912 0.5263 0.9697 0.6064
0.2229 0.5111 0.2349 0.5111 0.6975 0.3286 0.2428 0.4687 0.7005 0.3599
0.453 0.5319 0.4675 0.5375 0.9694 0.6139 0.4714 0.5583 0.9723 0.6
0.4917 0.5035 0.5131 0.4841 0.966 0.3767 0.5199 0.4982 0.9747 0.5282
0.4768 0.4709 0.4857 0.4829 0.9587 0.577 0.4906 0.5222 0.9567 0.5872
0.3665 0.4218 0.3772 0.4283 0.918 0.6043 0.3869 0.3674 0.917 0.6217
0.475 0.4149 0.4868 0.4332 0.9817 0.5061 0.4907 0.3724 0.9768 0.5425
0.3678 0.5619 0.3756 0.5861 0.9612 0.5579 0.3853 0.5579 0.9631 0.5996
0.3716 0.5062 0.3804 0.4988 0.9506 0.6728 0.3863 0.5286 0.9564 0.643
0.4859 0.5423 0.516 0.5306 0.9723 0.5262 0.5131 0.4942 0.9713 0.4606
0.3434 0.5 0.3552 0.498 0.9138 0.3927 0.3611 0.4656 0.9138 0.2873
0.4849 0.3842 0.4976 0.3991 0.9178 0.4533 0.4946 0.4103 0.9207 0.5243
0.4348 0.2257 0.4642 0.2453 0.9652 0.4287 0.4966 0.2488 0.0 0.0
0.3887 0.5303 0.3985 0.5371 0.9406 0.5674 0.4033 0.5261 0.9436 0.577
0.4127 0.541 0.4341 0.5578 0.9268 0.5506 0.4371 0.6446 0.9307 0.5964
0.318 0.4971 0.3376 0.4885 0.946 0.2423 0.3346 0.4367 0.9549 0.2913
0.3486 0.4658 0.3575 0.4799 0.8222 0.5121 0.3496 0.5161 0.8212 0.5362
0.4749 0.4906 0.4867 0.4436 0.9522 0.5789 0.5044 0.3816 0.967 0.4718
0.4966 0.4653 0.4801 0.4792 0.9564 0.5174 0.5374 0.3871 0.9594 0.4809
0.5829 0.5752 0.6071 0.5828 0.955 0.5586 0.6003 0.5917 0.9521 0.4783
0.4976 0.5102 0.515 0.5204 0.9701 0.3962 0.5228 0.5681 0.9633 0.3349
0.3815 0.4619 0.3951 0.4757 0.9502 0.6646 0.4137 0.4653 0.9532 0.6369
0.3589 0.4004 0.3657 0.3829 0.9526 0.3102 0.3823 0.3654 0.9526 0.317
0.5063 0.4951 0.5353 0.5081 0.9846 0.5713 0.5353 0.5907 0.9778 0.6329
0.5141 0.4524 0.5346 0.4655 0.9697 0.4934 0.5424 0.4967 0.9678 0.4984
0.4839 0.5594 0.4849 0.4711 0.9802 0.4202 0.5122 0.5543 0.9773 0.5
0.4126 0.5545 0.4283 0.534 0.9416 0.4557 0.44 0.5953 0.9455 0.4421
0.653 0.4472 0.6637 0.4675 0.9785 0.5244 0.653 0.4593 0.9824 0.4743
0.482 0.5532 0.5102 0.5753 0.9597 0.5936 0.518 0.6304 0.9597 0.6469
0.5442 0.5079 0.5744 0.5126 0.9555 0.5613 0.5909 0.5723 0.9526 0.5928
0.4724 0.5758 0.485 0.5097 0.9634 0.5933 0.4966 0.5739 0.9528 0.6361
0.5152 0.5354 0.5299 0.5202 0.9502 0.3652 0.5465 0.4865 0.9561 0.3551
0.33 0.3662 0.3448 0.387 0.8868 0.6147 0.3655 0.3662 0.8848 0.5973
0.4927 0.444 0.5131 0.4153 0.9512 0.3729 0.5219 0.3956 0.9512 0.4017
0.4849 0.5 0.5005 0.4985 0.9682 0.4927 0.519 0.4736 0.9672 0.5514
0.5424 0.425 0.559 0.4155 0.9693 0.4171 0.5872 0.3804 0.9673 0.3979
0.3412 0.5122 0.348 0.4954 0.9638 0.5228 0.3656 0.5594 0.957 0.631
0.4061 0.5145 0.3864 0.513 0.9459 0.4624 0.4415 0.4219 0.9577 0.3958
0.3658 0.5286 0.3806 0.5476 0.9418 0.4486 0.3875 0.519 0.9379 0.4219
0.5455 0.4635 0.5622 0.4585 0.9549 0.4003 0.573 0.4236 0.952 0.4385
0.4036 0.4456 0.4172 0.4333 0.951 0.2737 0.421 0.4123 0.949 0.2562
0.4878 0.4537 0.5034 0.4519 0.9585 0.4376 0.5132 0.4251 0.9614 0.4519
0.4632 0.5712 0.4838 0.5469 0.9495 0.4531 0.4838 0.5016 0.9505 0.568
0.3804 0.4519 0.3745 0.397 0.9252 0.5618 0.3726 0.4296 0.9281 0.6373
0.4329 0.5075 0.4466 0.4568 0.9455 0.2445 0.4593 0.547 0.9425 0.3835
0.3672 0.5079 0.3828 0.5173 0.9587 0.478 0.3945 0.5535 0.9558 0.5268
0.4519 0.5917 0.4578 0.5652 0.9579 0.3839 0.4665 0.6447 0.9608 0.4124
0.7002 0.4896 0.6778 0.4925 0.0485 0.4955 0.6768 0.5477 0.0573 0.5611
0.4214 0.4773 0.4351 0.4799 0.9514 0.5562 0.4497 0.4652 0.9543 0.492
0.4995 0.4134 0.5112 0.518 0.9493 0.4837 0.4752 0.4967 0.9522 0.5
0.5502 0.4202 0.5395 0.4547 0.9647 0.403 0.6019 0.3793 0.9627 0.2477
0.4818 0.5063 0.4926 0.439 0.95 0.6158 0.5074 0.5125 0.9432 0.6659
0.5111 0.5115 0.5228 0.5144 0.9678 0.5216 0.5286 0.5705 0.9639 0.5259
0.4985 0.4653 0.5151 0.4543 0.957 0.47 0.518 0.5 0.9589 0.4968
0.4703 0.389 0.4732 0.4027 0.966 0.5102 0.5161 0.3088 0.9602 0.3685
0.5172 0.4219 0.5418 0.4444 0.9445 0.4462 0.5152 0.4861 0.9455 0.4219
0.5278 0.468 0.5326 0.4435 0.9293 0.3626 0.5463 0.4304 0.9303 0.4172
0.4072 0.3949 0.4357 0.3963 0.9502 0.5581 0.4494 0.4018 0.9325 0.6604
0.419 0.4949 0.4249 0.4983 0.9599 0.4831 0.4377 0.5423 0.9374 0.6133
0.5034 0.3844 0.5172 0.4091 0.9675 0.406 0.5084 0.4029 0.9675 0.3968
0.4541 0.5404 0.464 0.5981 0.9433 0.6482 0.461 0.5481 0.9433 0.5635
0.5766 0.4383 0.5904 0.4351 0.9658 0.4478 0.6111 0.4636 0.9667 0.4905
0.7113 0.5732 0.724 0.5786 0.9785 0.6383 0.7366 0.5976 0.9785 0.6749
0.357 0.5333 0.3755 0.5283 0.9424 0.4083 0.3725 0.4617 0.9415 0.4183
0.4985 0.4334 0.5162 0.4239 0.9642 0.4239 0.5222 0.3555 0.9622 0.4563
0.5301 0.4361 0.5163 0.4265 0.9699 0.4504 0.5567 0.3753 0.9739 0.4393
0.5281 0.4813 0.536 0.5171 0.9745 0.4643 0.5379 0.4876 0.9755 0.4145
0.5335 0.4498 0.5432 0.442 0.9558 0.5063 0.5655 0.4247 0.9587 0.4404
0.5024 0.4071 0.521 0.4177 0.8802 0.4124 0.5259 0.3726 0.8831 0.3965
0.5064 0.5389 0.5211 0.5486 0.9518 0.6595 0.5369 0.605 0.9469 0.7412
0.4485 0.5084 0.4661 0.5084 0.9254 0.6229 0.4877 0.4781 0.9293 0.5808
0.5745 0.517 0.5833 0.5264 0.963 0.6132 0.6027 0.5679 0.9698 0.6887
0.6721 0.4763 0.6889 0.4895 0.965 0.3842 0.6977 0.4053 0.962 0.2947
0.4723 0.4314 0.4937 0.4585 0.9694 0.5654 0.4811 0.5255 0.9665 0.6117
0.5269 0.4719 0.5377 0.4523 0.9605 0.4187 0.5553 0.4215 0.9615 0.4439
0.3243 0.6103 0.3418 0.618 0.9239 0.382 0.3623 0.5652 0.9005 0.2888
0.5393 0.418 0.963 0.4923 0.0 0.0 0.5627 0.4396 0.9659 0.4783
0.4248 0.5056 0.4423 0.5037 0.9623 0.3698 0.4423 0.4051 0.9623 0.4535
0.4121 0.5583 0.4257 0.5583 0.9298 0.353 0.4403 0.5347 0.9278 0.4043
0.5426 0.4318 0.5563 0.4351 0.9393 0.3086 0.5612 0.4601 0.9413 0.3119
0.4351 0.5325 0.4302 0.5632 0.9592 0.5036 0.4663 0.4856 0.9485 0.4206
0.5161 0.5 0.4907 0.4859 0.9572 0.5063 0.5455 0.511 0.9533 0.4984
0.3582 0.4519 0.3602 0.435 0.9293 0.4675 0.3778 0.4024 0.9293 0.4138
0.4623 0.5327 0.4701 0.4857 0.9118 0.6288 0.4838 0.5327 0.9598 0.6349
0.4325 0.4919 0.448 0.5 0.9445 0.5861 0.4548 0.5431 0.9436 0.6009
0.5666 0.6232 0.5794 0.6039 0.9591 0.5405 0.5912 0.5458 0.9571 0.6144
0.4956 0.4869 0.5044 0.5015 0.9522 0.4883 0.5219 0.5 0.9492 0.519
0.5437 0.4193 0.5447 0.4013 0.9525 0.4372 0.5752 0.4013 0.9545 0.4516
0.5553 0.4744 0.5719 0.476 0.9808 0.5496 0.5807 0.5288 0.9838 0.5976
0.527 0.5478 0.5398 0.551 0.9663 0.4745 0.5624 0.5478 0.9594 0.4745
0.5525 0.434 0.5731 0.4356 0.9734 0.3581 0.5643 0.4092 0.9636 0.3564
0.722 0.5664 0.7337 0.5908 0.9815 0.6585 0.7181 0.6436 0.9785 0.6301
0.4712 0.3845 0.4605 0.3911 0.9489 0.3152 0.4878 0.3433 0.9528 0.2905
0.5405 0.545 0.5601 0.5402 0.9636 0.5498 0.5601 0.4936 0.9656 0.5016
0.5005 0.4932 0.5005 0.515 0.9687 0.5886 0.5271 0.4659 0.9795 0.4959
0.656 0.5468 0.6688 0.5362 0.973 0.5347 0.6903 0.5392 0.9691 0.5966
0.5437 0.5499 0.5555 0.5677 0.9655 0.5999 0.5664 0.5451 0.9685 0.5838
0.4631 0.489 0.472 0.4681 0.955 0.3983 0.4828 0.4841 0.955 0.4632
0.4223 0.4572 0.4331 0.4692 0.9068 0.3887 0.438 0.3989 0.9088 0.3578
0.5298 0.4141 0.5356 0.4212 0.9523 0.5233 0.559 0.3532 0.9562 0.5036
