0.1275 0.8758 0.4822 0.7056 0.5168 0.3325
0.232 0.2037 0.5136 0.363 0.4864 0.7071
0.0686 0.1917 0.353 0.2779 0.3709 0.4985
0.263 0.415 0.4729 0.5216 0.5042 0.7204
0.3989 0.2309 0.598 0.3217 0.6303 0.5446
0.2808 0.1999 0.428 0.3734 0.4916 0.5484
0.1601 0.407 0.4108 0.4342 0.4738 0.6231
0.2461 0.1157 0.4633 0.3303 0.479 0.603
0.3038 0.6887 0.596 0.6045 0.6825 0.3955
0.1887 0.7257 0.4906 0.677 0.5732 0.4043
0.1255 0.3085 0.3405 0.4593 0.393 0.7074
0.2579 0.3295 0.4499 0.4761 0.4791 0.6705
0.248 0.8107 0.5546 0.6586 0.542 0.4312
0.1461 0.2294 0.4184 0.295 0.4777 0.5067
0.1523 0.1508 0.3703 0.2949 0.3862 0.572
0.1577 0.3086 0.4661 0.3874 0.4724 0.5998
0.2141 0.2552 0.451 0.3405 0.499 0.539
0.2509 0.1588 0.4716 0.3187 0.4947 0.7562
0.0902 0.2461 0.3897 0.3241 0.458 0.5773
0.2365 0.6533 0.4717 0.5798 0.5441 0.4117
0.2167 0.5884 0.4444 0.5343 0.4979 0.3035
0.1945 0.7717 0.4528 0.6857 0.4843 0.3919
0.255 0.7391 0.5686 0.6192 0.594 0.3594
0.2955 0.2284 0.5021 0.3736 0.5084 0.5831
0.2789 0.1902 0.5434 0.3455 0.5677 0.6222
0.1849 0.8058 0.4238 0.5854 0.427 0.3023
0.2754 0.1443 0.5223 0.2714 0.516 0.5523
0.2023 0.1393 0.4513 0.3385 0.4799 0.6112
0.3281 0.8605 0.565 0.6743 0.5744 0.317
0.3027 0.1455 0.4843 0.2896 0.5126 0.5452
0.246 0.2018 0.4787 0.3513 0.5627 0.6121
0.0293 0.2216 0.2333 0.3916 0.2843 0.5772
0.1379 0.3238 0.3985 0.3787 0.4184 0.5703
0.2295 0.7614 0.4123 0.5935 0.4196 0.382
0.204 0.8024 0.3932 0.6506 0.4122 0.3285
0.2265 0.2429 0.4645 0.3495 0.4927 0.5454
0.151 0.6577 0.4557 0.6477 0.4273 0.3865
0.1426 0.1835 0.4736 0.273 0.463 0.6571
0.1214 0.1164 0.4843 0.2667 0.5398 0.5798
0.3356 0.2523 0.4968 0.3947 0.5232 0.5516
0.2392 0.8265 0.4771 0.6102 0.5407 0.3591
0.3237 0.2089 0.5231 0.4197 0.5682 0.6419
0.315 0.2364 0.6427 0.4121 0.6395 0.6486
0.322 0.2872 0.536 0.4079 0.5604 0.6262
0.0 0.0 0.4232 0.266 0.4485 0.5968
0.2396 0.2233 0.4852 0.3843 0.5243 0.5548
0.2334 0.7554 0.4862 0.588 0.5063 0.3662
0.2237 0.2522 0.4778 0.3735 0.5 0.6045
0.1896 0.7056 0.5021 0.6335 0.5896 0.4257
0.2551 0.078 0.4586 0.284 0.4512 0.5432
0.2653 0.2749 0.5334 0.3963 0.549 0.6404
0.2257 0.7373 0.4443 0.5874 0.4905 0.3612
0.2422 0.7206 0.4895 0.598 0.5568 0.397
0.2666 0.212 0.4979 0.368 0.5441 0.6509
0.2843 0.8264 0.4874 0.5977 0.52 0.3251
0.1264 0.327 0.4489 0.3849 0.477 0.6179
0.3885 0.7615 0.6346 0.6569 0.6651 0.3352
0.1908 0.8213 0.4884 0.6567 0.5168 0.213
0.2031 0.7198 0.4087 0.5817 0.436 0.3577
0.2292 0.8321 0.5095 0.6489 0.4989 0.407
0.2377 0.8896 0.4811 0.6626 0.4948 0.3663
0.1974 0.2459 0.4093 0.3962 0.441 0.5809
0.4052 0.2708 0.6527 0.4328 0.6854 0.6988
0.3043 0.7403 0.5296 0.5658 0.5571 0.3509
0.1848 0.193 0.3752 0.3469 0.408 0.5801
0.2267 0.7187 0.4458 0.6113 0.4562 0.3871
0.0411 0.8391 0.3665 0.6964 0.3821 0.3106
0.0679 0.3496 0.3686 0.333 0.4033 0.6546
0.2541 0.8926 0.4798 0.6645 0.4655 0.3333
0.2574 0.6376 0.4852 0.5958 0.4682 0.3351
0.7341 0.2342 0.5199 0.3616 0.4937 0.6182
0.1697 0.8209 0.4979 0.6426 0.4968 0.3163
0.2943 0.059 0.5127 0.2384 0.5361 0.4809
0.2083 0.7411 0.4171 0.588 0.4496 0.3591
0.2087 0.6873 0.4274 0.614 0.4432 0.3776
0.3939 0.6997 0.604 0.5529 0.6316 0.3303
0.2323 0.6963 0.5136 0.5978 0.5409 0.3501
0.3262 0.6789 0.5775 0.5756 0.6256 0.4084
0.1487 0.1439 0.4706 0.4752 0.4089 0.8009
0.7141 0.2413 0.3573 0.3354 0.3436 0.7361
0.3327 0.4061 0.6004 0.4256 0.6254 0.5954
0.2718 0.2147 0.5276 0.3739 0.5563 0.6246
0.2232 0.9726 0.4758 0.644 0.4611 0.2493
0.2399 0.8182 0.4631 0.6549 0.5021 0.3658
0.1795 0.7778 0.4874 0.6322 0.5011 0.3224
0.3658 0.7681 0.5818 0.5831 0.5933 0.3625
0.9782 0.104 0.6384 0.3033 0.608 0.6765
0.1863 0.6532 0.414 0.5826 0.4108 0.3623
0.2301 0.2887 0.4831 0.4118 0.4979 0.6327
0.212 0.2739 0.5031 0.3976 0.5292 0.676
0.481 0.2681 0.7179 0.4111 0.6862 0.6262
0.284 0.2155 0.5522 0.3285 0.595 0.572
0.2756 0.1764 0.6096 0.3215 0.6074 0.6769
0.3219 0.1911 0.5587 0.3864 0.5786 0.6338
0.2273 0.8143 0.4017 0.6365 0.4028 0.2777
0.2338 0.2213 0.4654 0.3641 0.4717 0.5944
0.7229 0.2764 0.5433 0.3444 0.5137 0.534
0.3575 0.7495 0.5517 0.5788 0.5222 0.3239
0.2602 0.2742 0.4479 0.4103 0.4499 0.6869
0.1696 0.168 0.4322 0.3317 0.4163 0.569
0.1999 0.7342 0.4402 0.6168 0.4643 0.3629
0.2855 0.3571 0.582 0.4704 0.5841 0.6798
0.1958 0.2111 0.466 0.3697 0.4851 0.6416
0.163 0.8995 0.5628 0.7875 0.5419 0.425
0.3414 0.6636 0.6848 0.5896 0.6932 0.3707
0.3072 0.2843 0.545 0.4109 0.566 0.6607
0.1096 0.1161 0.3331 0.3002 0.3342 0.7119
0.2163 0.6995 0.437 0.677 0.4275 0.4151
0.1875 0.8638 0.4116 0.6442 0.439 0.2288
0.1366 0.8513 0.4091 0.7197 0.4102 0.4251
0.181 0.6845 0.4398 0.5902 0.4662 0.3317
0.0959 0.7538 0.3163 0.6759 0.3436 0.3452
0.3977 0.7469 0.6565 0.6067 0.6711 0.3775
0.1283 0.1683 0.5439 0.3677 0.5835 0.7038
0.07 0.8297 0.3941 0.6008 0.4287 0.2193
0.0941 0.1132 0.3998 0.3318 0.4551 0.7074
0.2522 0.7052 0.5127 0.6052 0.5569 0.4282
0.1098 0.8972 0.4331 0.6578 0.4676 0.3251
0.0936 0.1926 0.4254 0.3326 0.4391 0.7034
0.2841 0.7575 0.4948 0.5892 0.5021 0.3963
0.1938 0.6667 0.4672 0.568 0.5032 0.3204
0.1493 0.8011 0.4335 0.7023 0.444 0.3433
0.2294 0.7306 0.4927 0.6197 0.5136 0.4041
0.2409 0.7509 0.4675 0.5892 0.4969 0.3437
0.282 0.3157 0.5125 0.3866 0.5344 0.6099
0.3012 0.1926 0.5191 0.3087 0.5191 0.5409
0.2283 0.7081 0.4696 0.5782 0.4549 0.3544
0.2344 0.2019 0.5976 0.3342 0.6071 0.6112
0.1124 0.7694 0.3163 0.6489 0.3365 0.3849
0.3749 0.6209 0.5788 0.5358 0.5788 0.3768
0.1806 0.26 0.5084 0.3914 0.5357 0.6342
0.9142 0.167 0.5563 0.3164 0.4969 0.5423
0.1856 0.3666 0.3656 0.3209 0.4143 0.5978
0.2801 0.1838 0.4915 0.3572 0.5287 0.576
0.1137 0.7829 0.5418 0.6981 0.571 0.3151
0.2658 0.2217 0.6034 0.3687 0.6213 0.5932
0.2567 0.1565 0.4737 0.3587 0.4874 0.6037
0.2541 0.7911 0.5126 0.6178 0.5294 0.3179
0.3125 0.6437 0.5381 0.5177 0.5583 0.3363
0.6356 0.8217 0.4128 0.6424 0.3792 0.3397
0.8343 0.7844 0.5534 0.6908 0.5283 0.3942
0.2194 0.8524 0.4791 0.618 0.4802 0.3141
0.1369 0.8448 0.4936 0.6721 0.4927 0.3817
0.1302 0.8245 0.3711 0.6187 0.4324 0.377
0.0755 0.7384 0.387 0.6004 0.4081 0.3586
0.2448 0.2156 0.5084 0.3582 0.5052 0.5783
0.2238 0.7579 0.5063 0.6508 0.5242 0.2813
0.2497 0.8806 0.4937 0.6667 0.5623 0.398
0.2654 0.7193 0.5137 0.5736 0.5275 0.3703
0.1468 0.1198 0.4149 0.3697 0.417 0.7298
0.2451 0.736 0.4873 0.5648 0.5053 0.3399
0.14 0.23 0.4726 0.4003 0.5053 0.6974
0.2928 0.7084 0.523 0.6149 0.5649 0.4089
0.2789 0.1953 0.4373 0.3869 0.4341 0.5764
0.1739 0.0967 0.4258 0.3399 0.4571 0.6653
0.14 0.2869 0.4498 0.333 0.4519 0.6275
0.2464 0.3367 0.4459 0.4221 0.4905 0.6281
0.9083 0.1378 0.557 0.3556 0.5485 0.6396
0.6925 0.7101 0.5168 0.5909 0.5242 0.4244
0.1386 0.6462 0.3516 0.5983 0.3749 0.3812
0.1997 0.1922 0.4822 0.3419 0.501 0.6088
0.0 0.0 0.222 0.2964 0.2535 0.6057
0.2995 0.2138 0.5303 0.4031 0.5355 0.6304
0.1026 0.2681 0.3651 0.3485 0.3985 0.5845
0.2147 0.8847 0.4218 0.6436 0.4324 0.3417
0.155 0.4846 0.4465 0.4052 0.565 0.6022
0.4649 0.8156 0.6906 0.6115 0.6863 0.347
0.4081 0.7785 0.6618 0.6102 0.6608 0.3672
0.204 0.1484 0.5506 0.345 0.5621 0.6911
0.1656 0.2068 0.3559 0.3761 0.3854 0.5918
0.1923 0.8321 0.4622 0.6396 0.4517 0.3683
0.2411 0.4525 0.4644 0.5324 0.5335 0.3952
0.2404 0.746 0.4979 0.6162 0.4969 0.3261
0.0 0.0 0.4086 0.2794 0.4359 0.7411
0.1951 0.8141 0.5794 0.63 0.6692 0.2929
0.2751 0.2228 0.538 0.3671 0.5391 0.5995
0.3131 0.9266 0.5231 0.721 0.5063 0.4126
0.3113 0.8311 0.5556 0.6376 0.6164 0.3707
0.1739 0.6489 0.4325 0.5913 0.4504 0.3813
0.2208 0.199 0.4577 0.3888 0.4958 0.7643
0.4131 0.3079 0.6282 0.4145 0.6663 0.5804
0.3174 0.7556 0.5703 0.6296 0.5797 0.3985
0.4137 0.7523 0.598 0.6125 0.6129 0.4551
0.2238 0.1847 0.4937 0.3473 0.5397 0.5752
0.2101 0.1688 0.4167 0.3921 0.462 0.7205
0.2437 0.8818 0.5487 0.7113 0.5169 0.4062
0.169 0.8133 0.4541 0.6848 0.4676 0.3448
0.0775 0.5164 0.3769 0.5801 0.4131 0.29
0.2451 0.1998 0.5529 0.4019 0.5455 0.706
0.2556 0.1822 0.4968 0.3542 0.5265 0.6239
0.517 0.299 0.7122 0.423 0.7175 0.678
0.2069 0.7835 0.4613 0.5945 0.4717 0.3462
0.1533 0.1915 0.3735 0.3227 0.4231 0.6076
0.0708 0.2788 0.3573 0.3396 0.3594 0.63
0.0425 0.8263 0.4485 0.6913 0.4464 0.3134
0.2412 0.226 0.467 0.3797 0.5043 0.6655
0.3867 0.7756 0.6648 0.6382 0.712 0.3774
0.0501 0.7086 0.5 0.6754 0.6601 0.3622
0.2688 0.77 0.5053 0.5688 0.5357 0.271
0.2108 0.221 0.4781 0.322 0.4749 0.6101
0.3267 0.1406 0.4819 0.3066 0.4607 0.5208
0.0678 0.6272 0.3657 0.5713 0.4056 0.3449
0.2122 0.7411 0.4874 0.5975 0.5221 0.3556
0.2118 0.5852 0.4777 0.6385 0.4979 0.4444
0.08 0.6783 0.4769 0.6676 0.5389 0.3849
0.2825 0.7349 0.5536 0.6097 0.5746 0.3564
0.1809 0.7868 0.4447 0.6307 0.4791 0.3676
0.4361 0.7627 0.6561 0.6154 0.676 0.3764
0.1751 0.2697 0.3797 0.3721 0.3882 0.5694
0.0466 0.8738 0.2791 0.7489 0.3078 0.3664
0.2342 0.135 0.4693 0.3428 0.5085 0.6486
0.1756 0.7453 0.4874 0.6411 0.478 0.321
0.3069 0.1063 0.5562 0.3856 0.5297 0.6685
0.2178 0.827 0.4979 0.6105 0.5627 0.2873
0.255 0.7744 0.4106 0.5811 0.4516 0.397
0.2905 0.9003 0.5073 0.6407 0.5667 0.3044
0.4692 0.2131 0.6295 0.3888 0.6337 0.5991
0.1988 0.3506 0.3954 0.3841 0.4186 0.536
0.3686 0.232 0.6012 0.4304 0.6481 0.7047
0.2148 0.7044 0.5084 0.6276 0.5168 0.2917
0.0 0.0 0.5671 0.3719 0.5598 0.6407
0.2097 0.8451 0.4875 0.645 0.5313 0.2821
0.1393 0.709 0.3742 0.6604 0.393 0.431
0.2645 0.771 0.5105 0.6227 0.5252 0.3806
0.3621 0.8035 0.663 0.5997 0.7048 0.2789
0.4439 0.2636 0.7179 0.3514 0.7401 0.5973
0.2155 0.6508 0.445 0.5548 0.5169 0.3837
0.4532 0.6668 0.6255 0.5611 0.6489 0.4326
0.4418 0.726 0.6216 0.607 0.6512 0.4172
0.2521 0.1811 0.5354 0.2948 0.5469 0.5339
0.1533 0.7676 0.4632 0.6639 0.4989 0.2972
0.5986 0.2386 0.3333 0.3964 0.3595 0.6956
0.0901 0.0395 0.3261 0.3123 0.3514 0.6774
0.1124 0.7324 0.2806 0.5914 0.3088 0.3867
0.02 0.7988 0.1853 0.5922 0.2221 0.3217
0.2182 0.7813 0.4748 0.6221 0.4958 0.3522
0.3184 0.8393 0.5849 0.6701 0.6242 0.3735
0.2428 0.1425 0.4873 0.2924 0.5011 0.6109
0.2938 0.2022 0.4843 0.3686 0.4927 0.5739
0.0105 0.7981 0.3849 0.5791 0.4969 0.2051
0.2599 0.195 0.4958 0.3875 0.5274 0.6641
0.176 0.9689 0.4074 0.6431 0.4369 0.3277
0.3617 0.302 0.6918 0.4934 0.6928 0.7539
0.0 0.0 0.2892 0.6153 0.3153 0.3282
0.2798 0.2788 0.4989 0.4 0.5327 0.5869
0.1203 0.2557 0.3588 0.3483 0.4069 0.6263
0.21 0.6784 0.5429 0.6585 0.5785 0.3951
0.1518 0.8671 0.4187 0.6128 0.4301 0.2934
0.1622 0.2909 0.4066 0.4073 0.4203 0.6533
0.2125 0.836 0.4318 0.6264 0.4832 0.3119
0.2475 0.8172 0.5158 0.5768 0.5623 0.2604
0.2944 0.7111 0.5242 0.564 0.5348 0.3462
0.2218 0.1753 0.5508 0.3871 0.5413 0.6641
0.3222 0.7773 0.5158 0.5845 0.5473 0.3234
0.1429 0.7909 0.5084 0.6407 0.5219 0.3375
0.1864 0.2219 0.4664 0.4004 0.5231 0.6217
0.177 0.7953 0.3459 0.5922 0.3836 0.3407
0.1778 0.2867 0.4085 0.446 0.4266 0.6886
0.1995 0.1494 0.5822 0.3664 0.5972 0.7332
0.134 0.7048 0.4346 0.6237 0.4209 0.369
0.4643 0.7413 0.6552 0.5643 0.7087 0.3439
0.4608 0.2473 0.682 0.3933 0.6862 0.6951
0.281 0.2762 0.5219 0.4149 0.5063 0.608
0.2247 0.2904 0.4854 0.3619 0.4958 0.5796
0.2891 0.1619 0.5095 0.392 0.5137 0.6391
0.2961 0.1494 0.5063 0.3821 0.5137 0.6451
0.1914 0.7071 0.5994 0.6519 0.6057 0.3626
0.2078 0.7732 0.4979 0.6722 0.5031 0.4127
0.2267 0.7467 0.557 0.6225 0.6097 0.4213
0.1483 0.1044 0.4363 0.2749 0.475 0.6312
0.0879 0.1563 0.4948 0.3353 0.5428 0.7694
0.153 0.9096 0.5597 0.69 0.6143 0.3179
0.2872 0.8299 0.5 0.6936 0.5219 0.4056
0.1975 0.6349 0.3953 0.6378 0.4362 0.4672
0.1309 0.7038 0.4378 0.6015 0.4736 0.3552
0.1634 0.2651 0.3895 0.3738 0.4208 0.5825
0.2983 0.2006 0.5202 0.3934 0.5605 0.6442
0.2897 0.239 0.518 0.3841 0.5169 0.5875
0.1935 0.1011 0.5126 0.3526 0.5826 0.6775
0.2668 0.7254 0.4582 0.5656 0.5188 0.3907
0.0932 0.1466 0.3814 0.3413 0.4004 0.6444
0.2551 0.0181 0.5481 0.3974 0.5544 0.7422
0.1682 0.2384 0.381 0.3798 0.4113 0.5799
0.1966 0.1932 0.3582 0.3905 0.4051 0.5907
0.2586 0.3683 0.5169 0.4183 0.5443 0.589
0.2922 0.2769 0.5254 0.3888 0.535 0.655
0.2431 0.814 0.499 0.6318 0.4958 0.3186
0.2054 0.2934 0.479 0.3721 0.4874 0.5951
0.0583 0.2693 0.2655 0.3201 0.2707 0.5254
0.197 0.251 0.4905 0.3562 0.4799 0.5796
0.2032 0.7534 0.4654 0.6161 0.4864 0.4044
0.2936 0.2239 0.5243 0.3788 0.5519 0.6261
0.2765 0.7634 0.522 0.5842 0.5177 0.3196
0.2526 0.3279 0.5042 0.3901 0.5137 0.5933
0.1638 0.3804 0.39 0.4059 0.4413 0.5926
0.9681 0.1968 0.6047 0.3382 0.5806 0.6292
0.2523 0.2904 0.5063 0.4749 0.5643 0.6825
0.2662 0.7643 0.5128 0.6231 0.5383 0.3426
0.1966 0.3064 0.4468 0.3225 0.476 0.5954
0.2415 0.1851 0.5127 0.3283 0.5519 0.6441
0.2365 0.832 0.3683 0.6022 0.3936 0.3978
0.2647 0.7365 0.518 0.6072 0.4693 0.3468
0.0892 0.6342 0.3432 0.621 0.3662 0.3471
0.1948 0.3617 0.4404 0.3822 0.4509 0.5666
0.0991 0.7206 0.321 0.6098 0.3409 0.3327
0.255 0.363 0.4648 0.3599 0.4435 0.5265
0.0951 0.7066 0.3239 0.6097 0.3608 0.4157
0.6846 0.1747 0.4494 0.3532 0.4441 0.6485
0.1441 0.7482 0.4696 0.6991 0.4424 0.3736
0.2869 0.8039 0.4894 0.6286 0.5232 0.3814
0.1226 0.8414 0.3087 0.6583 0.3609 0.4827
0.0772 0.6835 0.3552 0.6298 0.3437 0.3934
0.0642 0.8453 0.4145 0.6252 0.4188 0.3238
0.1627 0.7149 0.5474 0.6364 0.6223 0.2949
0.3445 0.1867 0.5465 0.3684 0.5836 0.6224
0.1369 0.6017 0.445 0.5953 0.4873 0.347
0.2592 0.175 0.5189 0.3415 0.5547 0.6782
0.0963 0.1989 0.4385 0.2971 0.4604 0.5989
0.3266 0.1544 0.5317 0.4021 0.5899 0.7134
0.3157 0.1526 0.5254 0.3259 0.5911 0.611
0.0 0.0 0.6099 0.2675 0.6393 0.6936
0.1423 0.2276 0.5095 0.3668 0.5366 0.6789
0.1634 0.1311 0.3312 0.3664 0.3563 0.6168
0.1705 0.1124 0.4675 0.3466 0.501 0.673
0.3028 0.8248 0.517 0.6251 0.5127 0.3229
0.1988 0.6877 0.4706 0.5927 0.499 0.2917
0.0525 0.8452 0.3724 0.7248 0.4143 0.4335
0.2801 0.2802 0.5452 0.3008 0.5389 0.6104
0.1391 0.2958 0.3814 0.2998 0.3951 0.5847
0.2543 0.7967 0.5263 0.639 0.5525 0.3902
0.207 0.1796 0.5 0.3192 0.5085 0.5917
0.1776 0.1533 0.463 0.3514 0.5063 0.6822
0.1594 0.2389 0.3971 0.4225 0.4576 0.6827
0.3987 0.8219 0.6639 0.5945 0.6629 0.3091
0.179 0.774 0.475 0.6336 0.5375 0.3468
0.1622 0.7101 0.3761 0.6367 0.4206 0.341
0.3234 0.8214 0.5554 0.629 0.6055 0.3421
0.0389 0.1754 0.3761 0.4074 0.3824 0.7312
0.1074 0.799 0.4675 0.6588 0.5042 0.3509
0.1582 0.1793 0.4064 0.2905 0.4001 0.5436
0.2117 0.912 0.4227 0.6748 0.4091 0.4102
0.2427 0.2623 0.521 0.3545 0.5599 0.6509
0.1338 0.1688 0.3734 0.2951 0.4135 0.6482
0.2124 0.1291 0.4364 0.3758 0.4958 0.6612
0.0635 0.2739 0.3611 0.2893 0.3705 0.5897
0.0789 0.8134 0.3332 0.6976 0.348 0.3766
0.2064 0.1037 0.4968 0.3379 0.5507 0.7108
0.2911 0.7228 0.5496 0.5513 0.4684 0.3799
0.2917 0.7332 0.5795 0.5909 0.6298 0.3079
0.0819 0.7784 0.3656 0.7052 0.4047 0.3796
0.3301 0.2359 0.5682 0.2639 0.5931 0.6167
0.0366 0.3023 0.3709 0.2967 0.3868 0.6235
0.2503 0.2242 0.5021 0.435 0.5481 0.7165
0.2489 0.7968 0.5408 0.6647 0.5471 0.3604
0.1812 0.273 0.4301 0.3825 0.4545 0.6002
0.2308 0.7388 0.5458 0.643 0.4989 0.3517
0.3394 0.2109 0.549 0.4089 0.622 0.6467
0.2426 0.2228 0.5063 0.277 0.52 0.5743
0.1704 0.8096 0.3494 0.6199 0.3578 0.3697
0.1391 0.2672 0.4979 0.3196 0.5105 0.634
0.3662 0.5915 0.6198 0.5808 0.6085 0.3783
0.2956 0.7645 0.5115 0.5738 0.5584 0.3134
0.3076 0.7642 0.5261 0.6059 0.5481 0.3508
0.2583 0.6809 0.4896 0.5469 0.5594 0.2989
0.1897 0.161 0.482 0.3064 0.5064 0.6418
0.3081 0.7549 0.5657 0.5916 0.5553 0.353
0.2429 0.8499 0.4968 0.6255 0.5032 0.3353
0.127 0.2523 0.4252 0.3072 0.421 0.5176
0.2825 0.7018 0.5148 0.5429 0.5422 0.3031
0.138 0.8752 0.5073 0.5883 0.5355 0.2833
0.2468 0.7489 0.5191 0.5949 0.517 0.3161
0.378 0.7586 0.6043 0.5954 0.5907 0.3409
0.1353 0.2813 0.3872 0.3435 0.4041 0.6125
0.2708 0.7145 0.538 0.6142 0.575 0.3677
0.1773 0.0988 0.4416 0.2935 0.4416 0.5719
0.2837 0.7971 0.4906 0.5574 0.5387 0.244
0.2429 0.19 0.4862 0.3613 0.5042 0.6308
0.097 0.1579 0.382 0.3025 0.405 0.6419
0.168 0.111 0.4665 0.3658 0.5031 0.7809
0.076 0.137 0.4435 0.3068 0.4445 0.6661
0.2952 0.822 0.5602 0.609 0.5686 0.3238
0.14 0.7334 0.3925 0.6683 0.403 0.4434
0.4101 0.7772 0.6862 0.667 0.701 0.365
0.132 0.2537 0.3756 0.3669 0.3893 0.5875
0.1514 0.883 0.3421 0.6272 0.4322 0.4169
0.1336 0.27 0.3676 0.3923 0.4057 0.6318
0.2717 0.2418 0.5367 0.3595 0.5639 0.6331
0.3381 0.1217 0.5345 0.3604 0.5397 0.665
0.2323 0.7295 0.4821 0.5938 0.4979 0.3467
0.1577 0.8559 0.4039 0.7124 0.4049 0.3885
0.1712 0.7008 0.324 0.5184 0.3672 0.3212
0.1665 0.2371 0.3752 0.348 0.4235 0.5238
0.0996 0.2343 0.4593 0.3265 0.5229 0.6692
0.3699 0.8013 0.5692 0.5814 0.5692 0.3132
0.2177 0.7962 0.4948 0.6665 0.5042 0.3749
0.2708 0.2276 0.4894 0.3563 0.5465 0.5881
0.23 0.6418 0.5083 0.597 0.5532 0.3815
0.2125 0.187 0.4242 0.365 0.4126 0.6329
0.2819 0.1943 0.5221 0.3354 0.5579 0.6289
0.2609 0.7346 0.5294 0.5988 0.5451 0.3368
0.2616 0.8344 0.5861 0.6225 0.5725 0.3032
0.227 0.1902 0.5422 0.374 0.559 0.6688
0.2446 0.1276 0.5064 0.3964 0.536 0.7249
0.1914 0.2515 0.4832 0.357 0.5378 0.6814
0.2824 0.7859 0.5318 0.6169 0.552 0.3285
0.265 0.6758 0.5042 0.5714 0.5168 0.3389
0.2573 0.1485 0.4335 0.3379 0.442 0.642
0.0698 0.2473 0.357 0.325 0.3959 0.6472
0.2546 0.1605 0.4455 0.3656 0.4727 0.6402
0.2363 0.6759 0.5063 0.6084 0.5464 0.3932
0.0288 0.8602 0.3988 0.7022 0.4789 0.3427
0.2921 0.1634 0.482 0.3467 0.5286 0.5437
0.1816 0.1532 0.403 0.3255 0.4104 0.5489
0.2592 0.7438 0.5105 0.5938 0.5042 0.3345
0.1699 0.23 0.3701 0.4063 0.4201 0.6142
0.2226 0.1495 0.5219 0.3075 0.5396 0.6437
