274.00 480.00 536.00 369.00 540.00 235.00
229.00 400.00 535.00 350.00 601.00 222.00
223.00 487.00 523.00 315.00 489.00 120.00
292.00 192.00 585.00 246.00 570.00 379.00
240.00 409.00 569.00 343.00 637.00 201.00
623.00 198.00 779.00 286.00 817.00 403.00
348.00 216.00 725.00 262.00 749.00 390.00
352.00 486.00 647.00 363.00 713.00 218.00
317.00 454.00 524.00 395.00 575.00 256.00
523.00 493.00 819.00 386.00 837.00 235.00
279.00 533.00 539.00 397.00 551.00 238.00
202.00 504.00 573.00 455.00 583.00 222.00
255.00 190.00 538.00 265.00 586.00 379.00
935.00 537.00 703.00 422.00 711.00 291.00
183.00 186.00 640.00 212.00 720.00 352.00
337.00 56.00 711.00 185.00 702.00 422.00
256.00 457.00 524.00 389.00 568.00 259.00
344.00 484.00 601.00 385.00 621.00 239.00
325.00 122.00 635.00 222.00 646.00 375.00
387.00 72.00 637.00 172.00 637.00 333.00
481.00 158.00 684.00 259.00 722.00 357.00
243.00 494.00 568.00 405.00 605.00 182.00
310.00 178.00 654.00 239.00 666.00 384.00
412.00 136.00 711.00 247.00 782.00 373.00
400.00 527.00 637.00 371.00 702.00 225.00
336.00 145.00 639.00 256.00 704.00 431.00
423.00 443.00 704.00 396.00 706.00 265.00
559.00 474.00 817.00 374.00 863.00 229.00
276.00 395.00 593.00 357.00 674.00 183.00
144.00 475.00 564.00 385.00 582.00 174.00
303.00 520.00 594.00 440.00 628.00 293.00
0.00 0.00 366.00 462.00 421.00 244.00
245.00 435.00 587.00 410.00 616.00 244.00
296.00 172.00 621.00 265.00 646.00 412.00
312.00 140.00 642.00 244.00 666.00 402.00
0.00 0.00 692.00 67.00 682.00 471.00
335.00 163.00 727.00 226.00 807.00 349.00
317.00 480.00 623.00 372.00 677.00 240.00
208.00 499.00 540.00 379.00 539.00 152.00
356.00 626.00 648.00 457.00 679.00 175.00
335.00 134.00 590.00 253.00 598.00 420.00
444.00 148.00 735.00 254.00 785.00 418.00
522.00 439.00 822.00 393.00 838.00 248.00
230.00 509.00 513.00 403.00 531.00 251.00
282.00 160.00 639.00 247.00 671.00 429.00
233.00 99.00 473.00 220.00 498.00 368.00
337.00 157.00 583.00 246.00 575.00 362.00
331.00 154.00 593.00 267.00 681.00 411.00
356.00 102.00 637.00 227.00 695.00 400.00
201.00 514.00 519.00 391.00 563.00 194.00
311.00 156.00 618.00 235.00 615.00 377.00
312.00 391.00 667.00 349.00 733.00 225.00
362.00 192.00 684.00 188.00 695.00 337.00
469.00 491.00 834.00 395.00 843.00 251.00
127.00 477.00 572.00 423.00 592.00 241.00
294.00 158.00 656.00 248.00 722.00 362.00
338.00 154.00 650.00 249.00 671.00 391.00
308.00 164.00 659.00 251.00 650.00 464.00
300.00 573.00 576.00 441.00 587.00 248.00
297.00 108.00 768.00 229.00 755.00 414.00
566.00 491.00 896.00 427.00 903.00 259.00
559.00 495.00 849.00 379.00 849.00 228.00
188.00 151.00 707.00 247.00 657.00 463.00
273.00 74.00 646.00 196.00 655.00 368.00
545.00 242.00 821.00 292.00 887.00 468.00
67.00 159.00 421.00 230.00 471.00 374.00
199.00 112.00 513.00 241.00 562.00 420.00
338.00 453.00 616.00 343.00 631.00 200.00
428.00 481.00 681.00 363.00 714.00 215.00
364.00 146.00 660.00 244.00 687.00 385.00
378.00 459.00 792.00 384.00 892.00 257.00
558.00 99.00 790.00 252.00 800.00 442.00
375.00 487.00 621.00 389.00 639.00 232.00
358.00 496.00 659.00 385.00 625.00 238.00
153.00 399.00 541.00 375.00 576.00 219.00
306.00 467.00 598.00 371.00 663.00 245.00
275.00 498.00 654.00 388.00 631.00 225.00
379.00 95.00 783.00 216.00 773.00 366.00
571.00 160.00 897.00 245.00 902.00 465.00
358.00 124.00 640.00 219.00 671.00 394.00
269.00 484.00 663.00 410.00 751.00 264.00
230.00 576.00 573.00 425.00 608.00 222.00
264.00 485.00 632.00 380.00 607.00 186.00
298.00 172.00 713.00 236.00 701.00 375.00
327.00 301.00 552.00 257.00 575.00 373.00
180.00 448.00 576.00 388.00 621.00 228.00
144.00 140.00 560.00 189.00 587.00 429.00
169.00 135.00 506.00 220.00 507.00 346.00
436.00 382.00 680.00 331.00 714.00 202.00
227.00 505.00 647.00 419.00 676.00 237.00
204.00 276.00 475.00 259.00 511.00 382.00
551.00 148.00 883.00 222.00 913.00 373.00
140.00 116.00 619.00 228.00 663.00 406.00
903.00 93.00 612.00 210.00 629.00 391.00
280.00 399.00 639.00 369.00 594.00 200.00
244.00 497.00 465.00 382.00 494.00 182.00
471.00 525.00 734.00 403.00 735.00 222.00
264.00 105.00 527.00 242.00 557.00 410.00
250.00 574.00 597.00 421.00 655.00 218.00
171.00 128.00 525.00 207.00 579.00 418.00
204.00 141.00 478.00 291.00 541.00 468.00
257.00 202.00 616.00 231.00 655.00 413.00
150.00 531.00 480.00 387.00 489.00 175.00
235.00 571.00 464.00 413.00 521.00 201.00
336.00 58.00 637.00 238.00 587.00 473.00
163.00 84.00 518.00 220.00 547.00 470.00
371.00 34.00 645.00 195.00 652.00 411.00
241.00 449.00 574.00 382.00 622.00 243.00
227.00 531.00 583.00 407.00 627.00 237.00
414.00 468.00 716.00 368.00 686.00 221.00
1012.00 457.00 664.00 414.00 661.00 244.00
743.00 98.00 422.00 208.00 496.00 403.00
320.00 524.00 655.00 427.00 671.00 216.00
233.00 495.00 568.00 455.00 596.00 271.00
279.00 96.00 648.00 233.00 733.00 396.00
308.00 499.00 638.00 395.00 680.00 203.00
384.00 148.00 594.00 237.00 638.00 350.00
273.00 116.00 646.00 216.00 647.00 370.00
40.00 194.00 433.00 242.00 449.00 444.00
326.00 87.00 620.00 231.00 625.00 374.00
236.00 24.00 484.00 191.00 490.00 426.00
275.00 514.00 592.00 387.00 575.00 250.00
296.00 160.00 793.00 254.00 795.00 437.00
241.00 413.00 491.00 363.00 525.00 246.00
452.00 474.00 827.00 370.00 849.00 210.00
0.00 0.00 620.00 342.00 649.00 212.00
296.00 506.00 620.00 421.00 678.00 254.00
468.00 476.00 778.00 402.00 853.00 260.00
236.00 423.00 657.00 362.00 694.00 227.00
366.00 319.00 558.00 314.00 594.00 206.00
200.00 431.00 447.00 372.00 458.00 234.00
230.00 495.00 587.00 419.00 629.00 244.00
194.00 63.00 632.00 185.00 599.00 405.00
521.00 523.00 828.00 381.00 854.00 228.00
219.00 422.00 618.00 409.00 625.00 247.00
358.00 121.00 654.00 238.00 647.00 439.00
206.00 531.00 559.00 397.00 578.00 201.00
277.00 515.00 673.00 421.00 695.00 199.00
231.00 512.00 563.00 417.00 597.00 220.00
264.00 463.00 678.00 430.00 699.00 282.00
226.00 124.00 520.00 204.00 580.00 364.00
288.00 477.00 618.00 400.00 624.00 259.00
899.00 136.00 416.00 266.00 464.00 520.00
612.00 502.00 969.00 390.00 975.00 239.00
237.00 87.00 506.00 239.00 511.00 413.00
472.00 462.00 693.00 384.00 711.00 229.00
332.00 488.00 792.00 427.00 777.00 214.00
343.00 461.00 625.00 372.00 642.00 230.00
336.00 517.00 581.00 402.00 604.00 252.00
321.00 132.00 649.00 192.00 710.00 337.00
338.00 499.00 620.00 410.00 650.00 218.00
350.00 93.00 606.00 234.00 670.00 429.00
154.00 523.00 420.00 438.00 429.00 262.00
257.00 567.00 533.00 427.00 606.00 245.00
240.00 489.00 525.00 430.00 518.00 264.00
190.00 53.00 442.00 229.00 514.00 444.00
20.00 536.00 357.00 434.00 373.00 224.00
300.00 84.00 571.00 194.00 587.00 395.00
228.00 140.00 566.00 260.00 582.00 424.00
276.00 453.00 610.00 381.00 673.00 229.00
268.00 151.00 554.00 233.00 587.00 400.00
197.00 94.00 509.00 234.00 595.00 438.00
190.00 521.00 430.00 379.00 441.00 176.00
297.00 470.00 622.00 360.00 683.00 183.00
175.00 511.00 407.00 437.00 440.00 217.00
258.00 145.00 583.00 221.00 641.00 420.00
329.00 551.00 764.00 418.00 818.00 176.00
701.00 140.00 948.00 307.00 865.00 447.00
144.00 29.00 464.00 135.00 507.00 381.00
452.00 141.00 771.00 255.00 785.00 408.00
178.00 143.00 442.00 221.00 473.00 344.00
352.00 461.00 657.00 359.00 677.00 195.00
401.00 203.00 566.00 251.00 564.00 251.00
596.00 438.00 903.00 373.00 926.00 252.00
242.00 379.00 487.00 334.00 540.00 214.00
347.00 121.00 592.00 240.00 665.00 406.00
346.00 496.00 601.00 368.00 642.00 200.00
24.00 93.00 549.00 235.00 657.00 412.00
310.00 68.00 615.00 217.00 661.00 458.00
526.00 474.00 846.00 370.00 908.00 255.00
0.00 0.00 760.00 220.00 720.00 415.00
294.00 177.00 617.00 248.00 650.00 396.00
201.00 124.00 608.00 217.00 635.00 436.00
546.00 492.00 820.00 420.00 832.00 317.00
368.00 489.00 647.00 406.00 661.00 251.00
257.00 587.00 588.00 448.00 648.00 194.00
270.00 481.00 533.00 388.00 555.00 236.00
376.00 140.00 665.00 270.00 747.00 420.00
1130.00 28.00 802.00 214.00 435.00 227.00
317.00 429.00 600.00 368.00 639.00 239.00
279.00 100.00 620.00 240.00 671.00 448.00
0.00 0.00 550.00 396.00 562.00 250.00
324.00 80.00 652.00 182.00 591.00 336.00
754.00 183.00 929.00 294.00 875.00 376.00
413.00 475.00 695.00 359.00 687.00 212.00
381.00 106.00 679.00 221.00 715.00 416.00
278.00 69.00 690.00 204.00 689.00 385.00
204.00 24.00 648.00 192.00 687.00 439.00
324.00 582.00 694.00 438.00 754.00 294.00
344.00 94.00 634.00 238.00 621.00 397.00
408.00 488.00 642.00 372.00 709.00 254.00
336.00 145.00 555.00 260.00 581.00 395.00
351.00 156.00 668.00 248.00 702.00 396.00
532.00 504.00 768.00 386.00 828.00 247.00
127.00 518.00 435.00 459.00 451.00 256.00
376.00 471.00 612.00 380.00 614.00 256.00
187.00 478.00 541.00 420.00 547.00 212.00
183.00 502.00 541.00 378.00 611.00 159.00
148.00 475.00 556.00 373.00 626.00 136.00
143.00 575.00 520.00 445.00 529.00 279.00
332.00 58.00 699.00 218.00 687.00 424.00
426.00 73.00 670.00 227.00 715.00 401.00
136.00 140.00 546.00 174.00 586.00 297.00
284.00 584.00 507.00 403.00 527.00 232.00
189.00 140.00 598.00 209.00 621.00 453.00
446.00 118.00 710.00 234.00 753.00 392.00
133.00 501.00 603.00 427.00 573.00 185.00
612.00 486.00 860.00 384.00 874.00 243.00
177.00 171.00 513.00 274.00 519.00 456.00
294.00 497.00 495.00 414.00 527.00 301.00
418.00 471.00 704.00 382.00 715.00 228.00
56.00 586.00 352.00 435.00 339.00 272.00
332.00 459.00 702.00 383.00 732.00 205.00
291.00 563.00 696.00 460.00 759.00 225.00
64.00 473.00 344.00 427.00 410.00 255.00
381.00 76.00 693.00 214.00 779.00 391.00
404.00 544.00 674.00 379.00 739.00 217.00
326.00 510.00 635.00 381.00 672.00 190.00
321.00 106.00 539.00 225.00 591.00 401.00
361.00 106.00 679.00 241.00 671.00 424.00
150.00 583.00 492.00 431.00 510.00 196.00
294.00 553.00 544.00 416.00 597.00 244.00
140.00 487.00 476.00 413.00 488.00 273.00
421.00 515.00 785.00 413.00 787.00 237.00
270.00 95.00 584.00 228.00 483.00 456.00
264.00 200.00 566.00 222.00 574.00 401.00
363.00 66.00 659.00 256.00 671.00 485.00
371.00 171.00 630.00 302.00 631.00 462.00
68.00 77.00 527.00 217.00 552.00 442.00
0.00 0.00 950.00 439.00 939.00 212.00
314.00 451.00 635.00 375.00 712.00 201.00
206.00 139.00 480.00 240.00 502.00 373.00
437.00 124.00 672.00 285.00 714.00 452.00
309.00 466.00 636.00 414.00 659.00 216.00
262.00 148.00 501.00 245.00 523.00 389.00
246.00 195.00 576.00 182.00 558.00 382.00
619.00 144.00 863.00 255.00 858.00 407.00
429.00 188.00 693.00 268.00 724.00 363.00
350.00 485.00 671.00 387.00 687.00 209.00
277.00 230.00 610.00 251.00 663.00 380.00
300.00 56.00 654.00 218.00 691.00 452.00
203.00 471.00 553.00 371.00 605.00 175.00
216.00 543.00 639.00 399.00 723.00 166.00
352.00 516.00 687.00 403.00 742.00 184.00
215.00 12.00 556.00 211.00 605.00 391.00
384.00 510.00 685.00 375.00 688.00 213.00
537.00 523.00 913.00 415.00 986.00 220.00
309.00 507.00 692.00 413.00 606.00 221.00
340.00 160.00 668.00 229.00 731.00 393.00
641.00 441.00 879.00 379.00 913.00 271.00
319.00 446.00 646.00 385.00 631.00 224.00
179.00 51.00 460.00 160.00 475.00 420.00
272.00 176.00 667.00 212.00 711.00 380.00
711.00 154.00 966.00 311.00 947.00 446.00
160.00 600.00 581.00 423.00 610.00 162.00
355.00 420.00 707.00 355.00 719.00 207.00
373.00 108.00 679.00 238.00 695.00 402.00
403.00 123.00 669.00 264.00 731.00 426.00
307.00 415.00 607.00 419.00 611.00 156.00
309.00 116.00 650.00 196.00 651.00 408.00
224.00 493.00 557.00 387.00 579.00 227.00
388.00 121.00 721.00 243.00 713.00 394.00
332.00 510.00 666.00 379.00 658.00 197.00
459.00 550.00 738.00 446.00 786.00 311.00
389.00 422.00 766.00 429.00 789.00 281.00
305.00 130.00 654.00 224.00 702.00 396.00
344.00 501.00 670.00 399.00 685.00 204.00
280.00 523.00 640.00 395.00 722.00 171.00
